112305 0
112305 0
112305 0
112305 0
112305 0
112305 0
112305 0
112305 0
112305 0
112305 0
112305 0
112305 0
112305 0
112305 0
112305 0
112305 0
112305 0
112305 0
112305 0
112305 0
112305 0
112305 0
112305 0
112305 0
112305 0
112305 0
112305 0
112305 0
112305 0
112305 0
112305 0
112305 0
112306 0
112306 0
112306 0
112306 0
112306 0
112306 0
112306 0
112306 0
112306 0
112306 0
112306 0
112306 0
112306 0
112306 0
112306 0
112306 0
112306 0
112306 0
112306 0
112306 0
112306 0
112306 0
112306 0
112306 0
112306 0
112306 0
112306 0
112306 0
112306 0
112306 0
112307 0
112307 0
112307 0
112307 0
112307 0
112307 0
112307 0
112307 0
112307 0
112307 0
112307 0
112307 0
112307 0
112307 0
112307 0
112307 0
112307 0
112307 0
112307 0
112307 0
112307 0
112307 0
112307 0
112307 0
112307 0
112307 0
112307 0
112307 0
112308 0
112308 0
112308 0
112308 0
112308 0
112308 0
112308 0
112308 0
112308 0
112308 0
112308 0
112308 0
112308 0
112308 0
112308 0
112308 0
112308 0
112308 0
112308 0
112308 0
112308 0
112308 0
112308 0
112308 0
112308 0
112308 0
112308 0
112308 0
112308 0
112308 0
112308 0
112309 0
112309 0
112309 0
112309 0
112309 0
112309 0
112309 0
112309 0
112309 0
112309 0
112309 0
112309 0
112309 0
112309 0
112309 0
112309 0
112309 0
112309 0
112309 0
112309 0
112309 0
112309 0
112309 0
112309 0
112309 0
112309 0
112309 0
112309 0
112309 0
112310 0
112310 0
112310 0
112310 0
112310 0
112310 0
112310 0
112310 0
112310 0
112310 0
112310 0
112310 0
112310 0
112310 0
112310 0
112310 0
112310 0
112310 0
112310 0
112310 0
112310 0
112310 0
112310 0
112310 0
112310 0
112310 0
112310 0
112310 0
112310 0
112310 0
112311 0
112311 0
112311 0
112311 0
112311 0
112311 0
112311 0
112311 0
112311 0
112311 0
112311 0
112311 0
112311 0
112311 0
112311 0
112311 0
112311 0
112311 0
112311 0
112311 0
112311 0
112311 0
112311 0
112311 0
112311 0
112311 0
112311 0
112311 0
112311 0
112312 0
112312 0
112312 0
112312 0
112312 0
112312 0
112312 0
112312 0
112312 0
112312 0
112312 0
112312 0
112312 0
112312 0
112312 0
112312 0
112312 0
112312 0
112312 0
112312 0
112312 0
112312 0
112312 0
112312 0
112312 0
112312 0
112312 0
112312 0
112312 0
112312 0
112312 0
112313 0
112313 0
112313 0
112313 0
112313 0
112313 0
112313 0
112313 0
112313 0
112313 0
112313 0
112313 0
112313 0
112313 0
112313 0
112313 0
112313 0
112313 0
112313 0
112313 0
112313 0
112313 0
112313 0
112313 0
112313 0
112313 0
112313 0
112313 0
112313 0
112314 0
112314 0
112314 0
112314 0
112314 0
112314 0
112314 0
112314 0
112314 0
112314 0
112314 0
112314 0
112314 0
112314 0
112314 0
112314 0
112314 0
112314 0
112314 0
112314 0
112314 0
112314 0
112314 0
112314 0
112314 0
112314 0
112314 0
112314 0
112314 0
112314 0
112315 0
112315 0
112315 0
112315 0
112315 0
112315 0
112315 0
112315 0
112315 0
112315 0
112315 0
112315 0
112315 0
112315 0
112315 0
112315 0
112315 0
112315 0
112315 0
112315 0
112315 0
112315 0
112315 0
112315 0
112315 0
112315 0
112315 0
112315 0
112315 0
112315 0
112315 0
112315 0
112315 0
112316 0
112316 0
112316 0
112316 0
112316 0
112316 0
112316 0
112316 0
112316 0
112316 0
112316 0
112316 0
112316 0
112316 0
112316 0
112316 0
112316 0
112316 0
112316 0
112316 0
112316 0
112316 0
112316 0
112316 0
112316 0
112316 0
112316 0
112317 0
112317 0
112317 0
112317 0
112317 0
112317 0
112317 0
112317 0
112317 0
112317 0
112317 0
112317 0
112317 0
112317 0
112317 0
112317 1 32 213 173 958
112317 1 32 213 173 958
112317 0
112317 0
112317 0
112317 0
112317 0
112317 0
112317 0
112317 0
112317 0
112317 0
112317 0
112317 0
112317 0
112317 0
112318 1 32 180 195 952
112318 1 32 180 195 952
112318 1 32 180 195 952
112318 1 32 180 195 952
112318 0
112318 0
112318 0
112318 0
112318 0
112318 1 32 180 206 952
112318 1 32 180 206 952
112318 1 32 180 206 952
112318 1 32 180 206 952
112318 1 32 180 206 952
112318 0
112318 0
112318 0
112318 1 32 180 206 952
112318 1 32 180 206 952
112318 1 32 180 206 952
112318 0
112318 0
112318 0
112318 0
112318 0
112318 0
112318 0
112318 0
112318 0
112318 0
112319 0
112319 0
112319 0
112319 1 32 180 206 951
112319 1 32 180 206 951
112319 1 32 180 206 951
112319 1 32 180 206 951
112319 0
112319 0
112319 0
112319 0
112319 0
112319 0
112319 0
112319 1 32 225 204 950
112319 1 32 225 204 950
112319 0
112319 0
112319 0
112319 0
112319 0
112319 0
112319 0
112319 0
112319 0
112319 0
112319 0
112319 0
112319 0
112319 0
112320 1 32 270 203 951
112320 1 32 270 203 951
112320 1 32 270 203 951
112320 0
112320 0
112320 0
112320 1 32 270 202 950
112320 1 32 270 202 950
112320 1 32 270 202 950
112320 1 32 270 202 950
112320 1 32 270 202 948
112320 1 32 270 202 948
112320 1 32 270 202 948
112320 1 32 270 202 948
112320 0
112320 0
112320 0
112320 0
112320 0
112320 0
112320 0
112320 0
112320 0
112320 0
112320 0
112320 0
112320 0
112320 1 32 270 202 908
112320 1 32 270 202 908
112320 1 32 270 202 908
112321 0
112321 0
112321 0
112321 0
112321 0
112321 0
112321 1 32 270 203 880
112321 1 32 270 203 880
112321 1 32 270 203 880
112321 1 32 270 203 880
112321 1 32 270 203 880
112321 1 32 270 204 871
112321 1 32 270 204 871
112321 1 32 270 204 871
112321 0
112321 0
112321 0
112321 0
112321 0
112321 0
112321 0
112321 0
112321 0
112321 0
112321 0
112321 0
112321 0
112321 0
112321 0
112321 0
112321 0
112322 0
112322 0
112322 0
112322 0
112322 0
112322 0
112322 0
112322 0
112322 0
112322 0
112322 0
112322 0
112322 0
112322 0
112322 0
112322 1 0 180 203 853
112322 1 0 180 203 853
112322 1 0 180 203 853
112322 0
112322 0
112322 0
112322 0
112322 1 4 180 203 854
112322 1 4 180 203 854
112322 1 4 180 203 854
112322 1 9 71 203 854
112322 1 9 71 203 854
112322 1 9 71 203 854
112322 1 9 71 203 854
112323 1 32 352 203 855
112323 1 32 352 203 855
112323 0
112323 0
112323 0
112323 0
112323 0
112323 0
112323 0
112323 1 32 0 202 855
112323 1 32 0 202 855
112323 1 32 0 202 855
112323 1 32 0 202 855
112323 1 32 0 201 856
112323 1 32 0 201 856
112323 1 32 0 201 856
112323 1 0 360 198 855
112323 1 0 360 198 855
112323 1 0 360 198 855
112323 0
112323 0
112323 0
112323 0
112323 1 32 0 181 856
112323 1 32 0 181 856
112323 1 32 0 181 856
112323 1 32 0 181 856
112323 1 32 0 174 856
112323 1 32 0 174 856
112323 1 32 0 174 856
112324 1 0 355 168 855
112324 1 0 355 168 855
112324 1 0 355 168 855
112324 1 0 355 168 855
112324 1 32 355 165 856
112324 1 32 355 165 856
112324 1 32 355 165 856
112324 1 32 0 165 855
112324 1 32 0 165 855
112324 1 32 0 165 855
112324 1 32 0 165 855
112324 1 32 0 166 855
112324 1 32 0 166 855
112324 1 32 0 166 855
112324 1 32 0 166 855
112324 0
112324 0
112324 0
112324 0
112324 0
112324 0
112324 1 9 180 166 857
112324 1 9 180 166 857
112324 1 9 180 166 857
112324 1 32 41 167 857
112324 1 32 41 167 857
112324 1 32 41 167 857
112324 1 32 41 167 857
112324 1 32 51 168 858
112324 1 32 51 168 858
112324 1 32 51 168 858
112325 1 32 63 168 858
112325 1 32 63 168 858
112325 1 32 63 168 858
112325 0
112325 0
112325 0
112325 0
112325 1 32 90 169 857
112325 1 32 90 169 857
112325 1 32 90 169 857
112325 0
112325 0
112325 0
112325 0
112325 0
112325 0
112325 0
112325 1 32 90 169 859
112325 1 32 90 169 859
112325 1 32 90 169 859
112325 0
112325 0
112325 0
112325 0
112325 1 32 90 170 867
112325 1 32 90 170 867
112325 1 32 90 170 867
112325 1 32 90 169 873
112325 1 32 90 169 873
112325 1 32 90 169 873
112326 1 32 90 169 880
112326 1 32 90 169 880
112326 1 32 90 169 880
112326 0
112326 0
112326 0
112326 0
112326 0
112326 0
112326 0
112326 1 0 90 169 915
112326 1 0 90 169 915
112326 1 0 90 169 915
112326 1 0 90 169 915
112326 1 32 90 169 925
112326 1 32 90 169 925
112326 1 32 90 169 925
112326 1 32 90 169 925
112326 0
112326 0
112326 0
112326 0
112326 0
112326 0
112326 0
112326 1 32 90 168 953
112326 1 32 90 168 953
112326 1 32 90 168 953
112327 0
112327 0
112327 0
112327 0
112327 0
112327 0
112327 0
112327 0
112327 0
112327 0
112327 0
112327 0
112327 0
112327 0
112327 0
112327 0
112327 0
112327 0
112327 0
112327 0
112327 0
112327 0
112327 0
112327 0
112327 0
112327 0
112327 0
112327 0
112327 0
112327 0
112328 0
112328 0
112328 0
112328 0
112328 0
112328 0
112328 0
112328 0
112328 0
112328 0
112328 0
112328 0
112328 0
112328 0
112328 0
112328 0
112328 0
112328 0
112328 0
112328 0
112328 0
112328 0
112328 0
112328 0
112328 0
112328 0
112328 0
112328 0
112328 0
112328 0
112329 0
112329 0
112329 0
112329 1 32 90 159 958
112329 1 32 90 159 958
112329 1 32 90 159 958
112329 1 32 90 159 958
112329 1 32 90 159 958
112329 1 32 90 159 958
112329 1 32 90 159 958
112329 1 32 71 158 959
112329 1 32 71 158 959
112329 1 32 71 158 959
112329 1 32 71 158 959
112329 0
112329 0
112329 0
112329 0
112329 0
112329 0
112329 0
112329 0
112329 0
112329 0
112329 0
112329 0
112329 0
112329 0
112329 1 0 45 154 960
112329 1 0 45 154 960
112329 1 0 45 154 960
112330 0
112330 0
112330 0
112330 0
112330 0
112330 0
112330 0
112330 0
112330 0
112330 0
112330 0
112330 0
112330 0
112330 0
112330 0
112330 0
112330 0
112330 0
112330 0
112330 0
112330 0
112330 0
112330 0
112330 0
112330 0
112330 0
112330 0
112330 0
112330 0
112330 0
112330 0
112331 0
112331 0
112331 0
112331 0
112331 0
112331 0
112331 0
112331 0
112331 0
112331 0
112331 0
112331 0
112331 0
112331 0
112331 0
112331 0
112331 0
112331 0
112331 0
112331 0
112331 0
112331 0
112331 0
112331 0
112331 0
112331 0
112331 0
112331 0
112331 0
112331 0
112332 0
112332 0
112332 0
112332 0
112332 0
112332 0
112332 0
112332 0
112332 0
112332 0
112332 0
112332 0
112332 0
112332 0
112332 0
112332 0
112332 0
112332 0
112332 0
112332 0
112332 0
112332 0
112332 0
112332 0
112332 0
112332 0
112332 0
112332 0
112332 0
112333 0
112333 0
112333 0
112333 0
112333 0
112333 0
112333 0
112333 0
112333 0
112333 0
112333 0
112333 0
112333 0
112333 0
112333 0
112333 0
112333 0
112333 0
112333 0
112333 0
112333 0
112333 0
112333 0
112333 0
112333 0
112333 0
112333 0
112333 0
112333 0
112333 0
112333 0
112334 0
112334 0
112334 0
112334 0
112334 0
112334 0
112334 0
112334 0
112334 0
112334 0
112334 0
112334 0
112334 0
112334 0
112334 0
112334 0
112334 0
112334 0
112334 0
112334 0
112334 0
112334 0
112334 0
112334 0
112334 0
112334 0
112334 0
112334 0
112334 0
112335 0
112335 0
112335 0
112335 0
112335 0
112335 0
112335 0
112335 0
112335 0
112335 0
112335 0
112335 0
112335 0
112335 0
112335 0
112335 0
112335 0
112335 0
112335 0
112335 0
112335 0
112335 0
112335 0
112335 0
112335 0
112335 0
112335 0
112335 0
112335 0
112335 0
112336 0
112336 0
112336 0
112336 0
112336 0
112336 0
112336 0
112336 0
112336 0
112336 0
112336 0
112336 0
112336 0
112336 0
112336 0
112336 0
112336 0
112336 0
112336 0
112336 0
112336 0
112336 0
112336 0
112336 0
112336 0
112336 0
112336 0
112336 0
112336 0
112337 0
112337 0
112337 0
112337 0
112337 0
112337 0
112337 0
112337 0
112337 0
112337 0
112337 0
112337 0
112337 0
112337 0
112337 0
112337 0
112337 0
112337 0
112337 0
112337 0
112337 0
112337 0
112337 0
112337 0
112337 0
112337 0
112337 0
112337 0
112337 0
112337 0
112338 0
112338 0
112338 0
112338 0
112338 0
112338 0
112338 0
112338 0
112338 0
112338 0
112338 0
112338 0
112338 0
112338 0
112338 0
112338 0
112338 0
112338 0
112338 0
112338 0
112338 0
112338 0
112338 0
112338 0
112338 0
112338 0
112338 0
112338 0
112338 0
112338 0
112338 0
112338 0
112339 0
112339 0
112339 0
112339 0
112339 0
112339 0
112339 0
112339 0
112339 0
112339 0
112339 0
112339 0
112339 0
112339 0
112339 0
112339 0
112339 0
112339 0
112339 0
112339 0
112339 0
112339 0
112339 0
112339 0
112339 0
112339 0
112339 0
112339 0
112339 0
112339 0
112340 0
112340 0
112340 0
112340 0
112340 0
112340 0
112340 0
112340 0
112340 0
112340 0
112340 0
112340 0
112340 0
112340 0
112340 0
112340 0
112340 0
112340 0
112340 0
112340 0
112340 0
112340 0
112340 0
112340 0
112340 0
112340 0
112340 0
112340 0
112340 0
112341 0
112341 0
112341 0
112341 0
112341 0
112341 0
112341 0
112341 0
112341 0
112341 0
112341 0
112341 0
112341 0
112341 0
112341 0
112341 0
112341 0
112341 0
112341 0
112341 0
112341 0
112341 0
112341 0
112341 0
112341 0
112341 0
112341 0
112341 0
112341 0
112341 0
112341 0
112341 0
112342 0
112342 0
112342 0
112342 0
112342 0
112342 0
112342 0
112342 0
112342 0
112342 0
112342 0
112342 0
112342 0
112342 0
112342 0
112342 0
112342 0
112342 0
112342 0
112342 0
112342 0
112342 0
112342 0
112342 0
112342 0
112342 0
112342 0
112342 0
112342 0
112343 0
112343 0
112343 0
112343 0
112343 0
112343 0
112343 0
112343 0
112343 0
112343 0
112343 0
112343 0
112343 0
112343 0
112343 0
112343 0
112343 0
112343 0
112343 0
112343 0
112343 0
112343 0
112343 0
112343 0
112343 0
112343 0
112343 0
112343 0
112343 0
112343 0
112344 0
112344 0
112344 0
112344 0
112344 0
112344 0
112344 0
112344 0
112344 0
112344 0
112344 0
112344 0
112344 0
112344 0
112344 0
112344 0
112344 0
112344 0
112344 0
112344 0
112344 0
112344 0
112344 0
112344 0
112344 0
112344 0
112344 0
112344 0
112344 0
112345 0
112345 0
112345 0
112345 0
112345 0
112345 0
112345 0
112345 0
112345 0
112345 0
112345 0
112345 0
112345 0
112345 0
112345 0
112345 0
112345 0
112345 0
112345 0
112345 0
112345 0
112345 0
112345 0
112345 0
112345 0
112345 0
112345 0
112345 0
112345 0
112345 0
112345 0
112345 0
112346 0
112346 0
112346 0
112346 0
112346 0
112346 0
112346 0
112346 0
112346 0
112346 0
112346 0
112346 0
112346 0
112346 0
112346 0
112346 0
112346 0
112346 0
112346 0
112346 0
112346 0
112346 0
112346 0
112346 0
112346 0
112346 0
112346 0
112346 0
112347 0
112347 0
112347 0
112347 0
112347 0
112347 0
112347 0
112347 0
112347 0
112347 0
112347 0
112347 0
112347 0
112347 0
112347 0
112347 0
112347 0
112347 0
112347 0
112347 0
112347 0
112347 0
112347 0
112347 0
112347 0
112347 0
112347 0
112347 0
112347 0
112348 0
112348 0
112348 0
112348 0
112348 0
112348 0
112348 0
112348 0
112348 0
112348 0
112348 0
112348 0
112348 0
112348 0
112348 0
112348 0
112348 0
112348 0
112348 0
112348 0
112348 0
112348 0
112348 0
112348 0
112348 0
112348 0
112348 0
112348 0
112348 0
112348 0
112348 0
112349 0
112349 0
112349 0
112349 0
112349 0
112349 0
112349 0
112349 0
112349 0
112349 0
112349 0
112349 0
112349 0
112349 0
112349 0
112349 0
112349 0
112349 0
112349 0
112349 0
112349 0
112349 0
112349 0
112349 0
112349 0
112349 0
112349 0
112349 0
112349 0
112350 0
112350 0
112350 0
112350 0
112350 0
112350 0
112350 0
112350 0
112350 0
112350 0
112350 0
112350 0
112350 0
112350 0
112350 0
112350 0
112350 0
112350 0
112350 0
112350 0
112350 0
112350 0
112350 0
112350 0
112350 0
112350 0
112350 0
112350 0
112350 0
112350 0
112350 0
112350 0
112350 0
112351 0
112351 0
112351 0
112351 0
112351 0
112351 0
112351 0
112351 0
112351 0
112351 0
112351 0
112351 0
112351 0
112351 0
112351 0
112351 0
112351 0
112351 0
112351 0
112351 0
112351 0
112351 0
112351 0
112351 0
112351 0
112351 0
112351 0
112351 0
112352 0
112352 0
112352 0
112352 0
112352 0
112352 0
112352 0
112352 0
112352 0
112352 0
112352 0
112352 0
112352 0
112352 0
112352 0
112352 0
112352 0
112352 0
112352 0
112352 0
112352 0
112352 0
112352 0
112352 0
112352 0
112352 0
112352 0
112352 0
112352 0
112352 0
112353 0
112353 0
112353 0
112353 0
112353 0
112353 0
112353 0
112353 0
112353 0
112353 0
112353 0
112353 0
112353 0
112353 0
112353 0
112353 0
112353 0
112353 0
112353 0
112353 0
112353 0
112353 0
112353 0
112353 0
112353 0
112353 0
112353 0
112353 0
112353 0
112353 0
112354 0
112354 0
112354 0
112354 0
112354 0
112354 0
112354 0
112354 0
112354 0
112354 0
112354 0
112354 0
112354 0
112354 0
112354 0
112354 0
112354 0
112354 0
112354 0
112354 0
112354 0
112354 0
112354 0
112354 0
112354 0
112354 0
112354 0
112354 0
112354 0
112355 0
112355 0
112355 0
112355 0
112355 0
112355 0
112355 0
112355 0
112355 0
112355 0
112355 0
112355 0
112355 0
112355 0
112355 0
112355 0
112355 0
112355 0
112355 0
112355 0
112355 0
112355 0
112355 0
112355 0
112355 0
112355 0
112355 0
112355 0
112355 0
112355 0
112355 0
112355 0
112356 0
112356 0
112356 0
112356 0
112356 0
112356 0
112356 0
112356 0
112356 0
112356 0
112356 0
112356 0
112356 0
112356 0
112356 0
112356 0
112356 0
112356 0
112356 0
112356 0
112356 0
112356 0
112356 0
112356 0
112356 0
112356 0
112356 0
112356 0
112356 0
112356 0
112356 0
112356 0
112357 0
112357 0
112357 0
112357 0
112357 0
112357 0
112357 0
112357 0
112357 0
112357 0
112357 0
112357 0
112357 0
112357 0
112357 0
112357 0
112357 0
112357 0
112357 0
112357 0
112357 1 32 270 130 820
112357 1 32 270 130 820
112357 1 32 270 130 820
112357 1 32 270 129 810
112357 1 32 270 129 810
112357 1 32 270 129 810
112357 1 32 270 129 810
112358 1 32 270 130 803
112358 1 32 270 130 803
112358 1 32 270 130 803
112358 1 32 270 130 796
112358 1 32 270 130 796
112358 1 32 270 130 796
112358 0
112358 0
112358 0
112358 0
112358 0
112358 0
112358 0
112358 1 32 270 129 774
112358 1 32 270 129 774
112358 1 32 270 129 774
112358 1 32 270 130 767
112358 1 32 270 130 767
112358 1 32 270 130 767
112358 1 32 270 130 767
112358 1 32 270 130 753
112358 1 32 270 130 753
112358 1 32 270 130 753
112358 1 32 270 130 746
112358 1 32 270 130 746
112358 1 32 270 130 746
112358 1 32 270 130 746
112358 1 32 270 130 739
112358 1 32 270 130 739
112358 1 32 270 130 739
112358 1 32 270 130 739
112359 1 32 270 130 732
112359 1 32 270 130 732
112359 1 32 270 130 732
112359 1 32 270 130 725
112359 1 32 270 130 725
112359 1 32 270 130 725
112359 1 32 270 130 725
112359 1 32 270 130 718
112359 1 32 270 130 718
112359 1 32 270 130 718
112359 1 32 270 130 718
112359 1 32 270 130 704
112359 1 32 270 130 704
112359 1 32 270 130 704
112359 1 32 270 129 696
112359 1 32 270 129 696
112359 1 32 270 129 696
112359 1 32 270 129 696
112359 1 32 270 129 689
112359 1 32 270 129 689
112359 1 32 270 129 689
112359 1 32 270 129 682
112359 1 32 270 129 682
112359 1 32 270 129 682
112359 1 32 270 129 682
112359 1 32 270 130 668
112359 1 32 270 130 668
112359 1 32 270 130 668
112400 1 32 270 130 660
112400 1 32 270 130 660
112400 1 32 270 130 660
112400 1 32 270 130 660
112400 1 32 270 130 651
112400 1 32 270 130 651
112400 1 32 270 130 651
112400 1 32 270 129 642
112400 1 32 270 129 642
112400 1 32 270 129 642
112400 1 32 270 129 642
112400 1 32 270 130 633
112400 1 32 270 130 633
112400 1 32 270 130 633
112400 1 32 270 130 624
112400 1 32 270 130 624
112400 1 32 270 130 624
112400 1 32 270 130 624
112400 1 32 270 129 605
112400 1 32 270 129 605
112400 1 32 270 129 605
112400 1 32 270 130 596
112400 1 32 270 130 596
112400 1 32 270 130 596
112400 1 32 270 130 596
112400 1 32 270 130 587
112400 1 32 270 130 587
112400 1 32 270 130 587
112400 1 32 270 130 587
112400 1 32 270 129 578
112400 1 32 270 129 578
112400 1 32 270 129 578
112401 1 32 270 130 569
112401 1 32 270 130 569
112401 1 32 270 130 569
112401 1 32 270 130 569
112401 1 32 270 130 560
112401 1 32 270 130 560
112401 1 32 270 129 542
112401 1 32 270 129 542
112401 1 32 270 129 542
112401 1 32 270 129 542
112401 1 32 270 129 542
112401 1 32 270 129 533
112401 1 32 270 129 533
112401 1 32 270 129 533
112401 1 32 270 129 524
112401 1 32 270 129 524
112401 1 32 270 129 524
112401 1 32 270 129 524
112401 1 32 270 129 514
112401 1 32 270 129 514
112401 1 32 270 129 514
112401 1 32 270 129 505
112401 1 32 270 129 505
112401 1 32 270 129 505
112401 1 32 270 129 496
112401 1 32 270 129 496
112401 1 32 270 129 496
112401 1 32 270 129 487
112401 1 32 270 129 487
112401 1 32 270 129 487
112401 1 32 270 129 487
112402 1 32 270 129 469
112402 1 32 270 129 469
112402 1 32 270 129 469
112402 1 32 270 129 460
112402 1 32 270 129 460
112402 1 32 270 129 460
112402 1 32 270 129 460
112402 1 32 270 129 451
112402 1 32 270 129 451
112402 1 32 270 129 451
112402 1 32 270 129 451
112402 1 32 270 129 442
112402 1 32 270 129 442
112402 1 32 270 129 442
112402 1 32 270 129 433
112402 1 32 270 129 433
112402 1 32 270 129 433
112402 1 32 270 129 433
112402 1 32 270 129 414
112402 1 32 270 129 414
112402 1 32 270 129 414
112402 1 32 270 129 406
112402 1 32 270 129 406
112402 1 32 270 129 406
112402 1 32 270 129 406
112402 1 32 270 129 406
112402 1 32 270 128 396
112402 1 32 270 128 396
112402 1 32 270 128 396
112403 1 32 270 128 387
112403 1 32 270 128 387
112403 1 32 270 128 387
112403 1 32 270 128 387
112403 1 32 270 128 378
112403 1 32 270 128 378
112403 1 32 270 128 378
112403 1 32 270 129 360
112403 1 32 270 129 360
112403 1 32 270 129 360
112403 1 32 270 129 360
112403 1 32 270 128 351
112403 1 32 270 128 351
112403 1 32 270 128 351
112403 1 32 270 128 342
112403 1 32 270 128 342
112403 1 32 270 128 342
112403 1 32 270 128 342
112403 1 32 270 128 342
112403 1 32 270 128 333
112403 1 32 270 128 333
112403 1 32 270 128 314
112403 1 32 270 128 314
112403 1 32 270 128 314
112403 1 32 270 128 314
112403 1 32 270 128 314
112403 1 32 270 128 314
112403 1 32 270 128 314
112404 1 32 270 128 297
112404 1 32 270 128 297
112404 1 32 270 128 297
112404 1 32 270 128 297
112404 1 32 270 128 297
112404 1 32 270 128 288
112404 1 32 270 128 288
112404 1 32 270 128 288
112404 0
112404 0
112404 0
112404 0
112404 1 32 270 128 270
112404 1 32 270 128 270
112404 1 32 270 128 270
112404 1 32 270 128 252
112404 1 32 270 128 252
112404 1 32 270 128 252
112404 1 32 270 128 252
112404 1 32 270 128 243
112404 1 32 270 128 243
112404 1 32 270 128 243
112404 1 32 270 128 234
112404 1 32 270 128 234
112404 1 32 270 128 234
112404 1 32 270 128 234
112404 1 32 270 128 234
112404 1 32 270 128 225
112404 1 32 270 128 225
112404 1 32 270 128 225
112405 1 32 270 127 207
112405 1 32 270 127 207
112405 1 32 270 127 207
112405 1 32 270 127 207
112405 1 32 270 127 198
112405 1 32 270 127 198
112405 1 32 270 127 198
112405 1 32 270 127 190
112405 1 32 270 127 190
112405 1 32 270 127 190
112405 1 32 270 127 190
112405 1 32 270 127 182
112405 1 32 270 127 182
112405 1 32 270 127 182
112405 1 32 270 127 176
112405 1 32 270 127 176
112405 1 32 270 127 176
112405 1 32 270 127 169
112405 1 32 270 127 169
112405 1 32 270 127 169
112405 1 32 270 127 169
112405 1 44 0 127 158
112405 1 44 0 127 158
112405 1 44 0 127 158
112405 1 44 0 127 158
112405 1 32 270 127 156
112405 1 32 270 127 156
112405 1 32 270 127 156
112405 1 32 270 127 156
112405 1 32 270 127 156
112405 1 32 270 127 156
112405 1 32 270 127 156
112406 1 32 270 127 156
112406 1 32 270 127 156
112406 1 32 270 127 156
112406 1 32 270 127 156
112406 1 32 270 127 156
112406 1 32 270 127 156
112406 1 32 270 127 156
112406 1 32 270 126 156
112406 1 32 270 126 156
112406 1 32 270 126 156
112406 0
112406 0
112406 0
112406 1 32 291 125 156
112406 1 32 291 125 156
112406 1 32 291 125 156
112406 1 32 300 126 157
112406 1 32 300 126 157
112406 1 32 300 126 157
112406 1 32 300 126 157
112406 1 32 306 125 157
112406 1 32 306 125 157
112406 1 32 306 125 157
112406 1 32 310 125 157
112406 1 32 310 125 157
112406 1 32 310 125 157
112406 1 32 315 125 158
112406 1 32 315 125 158
112406 1 32 315 125 158
112406 1 32 315 125 158
112407 1 32 327 125 158
112407 1 32 327 125 158
112407 1 32 327 125 158
112407 1 32 333 125 159
112407 1 32 333 125 159
112407 1 32 333 125 159
112407 0
112407 0
112407 0
112407 0
112407 0
112407 0
112407 0
112407 0
112407 0
112407 0
112407 0
112407 0
112407 0
112407 0
112407 0
112407 0
112407 0
112407 1 32 0 122 160
112407 1 32 0 122 160
112407 1 32 0 122 160
112407 0
112407 0
112407 0
112407 0
112407 0
112408 1 32 0 115 159
112408 1 32 0 115 159
112408 1 32 0 115 159
112408 0
112408 0
112408 0
112408 0
112408 1 32 345 99 156
112408 1 32 345 99 156
112408 1 32 345 99 156
112408 0
112408 0
112408 0
112408 0
112408 0
112408 0
112408 0
112408 0
112408 0
112408 0
112408 0
112408 0
112408 0
112408 0
112408 0
112408 0
112408 0
112408 0
112408 0
112408 0
112409 0
112409 0
112409 0
112409 0
112409 0
112409 0
112409 0
112409 0
112409 0
112409 0
112409 0
112409 0
112409 0
112409 0
112409 0
112409 0
112409 0
112409 0
112409 0
112409 0
112409 0
112409 0
112409 0
112409 0
112409 0
112409 0
112409 0
112409 0
112410 0
112410 0
112410 0
112410 0
112410 0
112410 0
112410 0
112410 0
112410 0
112410 0
112410 1 32 68 79 152
112410 1 32 68 79 152
112410 1 32 68 79 152
112410 0
112410 0
112410 0
112410 0
112410 1 32 90 80 152
112410 1 32 90 80 152
112410 1 32 90 80 152
112410 1 32 90 80 152
112410 1 32 90 80 152
112410 1 32 90 80 152
112410 1 32 90 80 152
112410 0
112410 0
112410 0
112410 0
112410 0
112410 0
112410 0
112411 0
112411 0
112411 0
112411 0
112411 0
112411 0
112411 0
112411 0
112411 0
112411 0
112411 0
112411 0
112411 0
112411 0
112411 1 32 90 82 190
112411 1 32 90 82 190
112411 1 32 90 82 190
112411 1 32 90 82 199
112411 1 32 90 82 199
112411 1 32 90 82 199
112411 1 32 90 83 208
112411 1 32 90 83 208
112411 1 32 90 83 208
112411 1 32 90 83 208
112411 1 32 90 83 218
112411 1 32 90 83 218
112411 1 32 90 83 218
112411 0
112411 0
112411 0
112411 0
112412 0
112412 0
112412 0
112412 1 32 90 84 244
112412 1 32 90 84 244
112412 1 32 90 84 244
112412 0
112412 0
112412 0
112412 0
112412 0
112412 0
112412 0
112412 0
112412 1 32 90 84 280
112412 1 32 90 84 280
112412 1 32 90 84 280
112412 0
112412 0
112412 0
112412 0
112412 0
112412 0
112412 0
112412 0
112412 1 32 90 83 317
112412 1 32 90 83 317
112412 1 32 90 83 317
112412 1 32 90 83 317
112413 1 32 90 82 326
112413 1 32 90 82 326
112413 1 32 90 82 326
112413 0
112413 0
112413 0
112413 0
112413 1 32 90 82 344
112413 1 32 90 82 344
112413 1 32 90 82 344
112413 1 32 90 82 344
112413 1 32 90 82 353
112413 1 32 90 82 353
112413 1 32 90 82 353
112413 1 32 90 82 353
112413 0
112413 0
112413 0
112413 1 32 90 82 380
112413 1 32 90 82 380
112413 1 32 90 82 380
112413 1 32 90 82 389
112413 1 32 90 82 389
112413 1 32 90 82 389
112413 1 32 90 82 398
112413 1 32 90 82 398
112413 1 32 90 82 398
112413 1 32 90 82 398
112413 1 32 90 82 398
112414 1 32 90 81 407
112414 1 32 90 81 407
112414 1 32 90 81 426
112414 1 32 90 81 426
112414 1 32 90 81 426
112414 1 32 90 81 426
112414 1 32 90 81 435
112414 1 32 90 81 435
112414 1 32 90 81 435
112414 1 32 90 81 435
112414 1 32 90 81 444
112414 1 32 90 81 444
112414 1 32 90 81 444
112414 1 32 90 81 444
112414 1 32 90 81 453
112414 1 32 90 81 453
112414 1 32 90 81 453
112414 1 32 90 81 462
112414 1 32 90 81 462
112414 1 32 90 81 462
112414 0
112414 0
112414 0
112414 1 32 90 81 480
112414 1 32 90 81 480
112414 1 32 90 81 480
112414 1 32 90 81 480
112414 1 32 90 81 490
112414 1 32 90 81 490
112414 1 32 90 81 490
112415 1 32 90 81 508
112415 1 32 90 81 508
112415 1 32 90 81 508
112415 1 32 90 81 508
112415 1 32 90 81 517
112415 1 32 90 81 517
112415 1 32 90 81 517
112415 1 32 90 81 517
112415 1 32 90 82 526
112415 1 32 90 82 526
112415 1 32 90 82 535
112415 1 32 90 82 535
112415 1 32 90 82 535
112415 1 32 90 82 535
112415 1 32 90 82 544
112415 1 32 90 82 544
112415 1 32 90 82 544
112415 1 32 90 82 544
112415 0
112415 0
112415 0
112415 0
112415 1 32 90 82 572
112415 1 32 90 82 572
112415 1 32 90 82 572
112415 1 32 90 82 572
112415 1 32 90 82 580
112415 1 32 90 82 580
112415 1 32 90 82 580
112415 1 32 90 82 580
112416 1 32 90 82 588
112416 1 32 90 82 588
112416 1 32 90 82 588
112416 1 32 90 81 597
112416 1 32 90 81 597
112416 1 32 90 81 597
112416 1 32 90 81 614
112416 1 32 90 81 614
112416 1 32 90 81 614
112416 1 32 90 81 624
112416 1 32 90 81 624
112416 1 32 90 81 624
112416 1 32 90 81 624
112416 1 32 90 80 633
112416 1 32 90 80 633
112416 1 32 90 80 633
112416 1 32 90 79 641
112416 1 32 90 79 641
112416 1 32 90 79 641
112416 1 32 78 78 650
112416 1 32 78 78 650
112416 1 32 78 78 650
112416 1 32 78 78 650
112416 1 32 90 76 659
112416 1 32 90 76 659
112416 1 32 90 76 659
112416 1 32 90 74 668
112416 1 32 90 74 668
112416 1 32 90 74 668
112417 1 32 75 73 676
112417 1 32 75 73 676
112417 1 32 75 73 676
112417 1 32 78 71 684
112417 1 32 78 71 684
112417 1 32 78 71 684
112417 1 32 78 71 684
112417 1 32 78 71 684
112417 1 32 78 67 701
112417 1 32 78 67 701
112417 1 32 78 67 701
112417 1 32 78 66 709
112417 1 32 78 66 709
112417 1 32 78 66 709
112417 1 32 78 66 709
112417 1 32 79 64 718
112417 1 32 79 64 718
112417 1 32 79 64 718
112417 1 32 90 63 727
112417 1 32 90 63 727
112417 1 32 90 63 727
112417 1 32 90 63 727
112417 1 32 82 62 735
112417 1 32 82 62 735
112417 1 32 82 62 735
112417 1 32 80 60 744
112417 1 32 80 60 744
112417 1 32 80 60 744
112417 1 32 80 60 744
112417 1 0 90 58 761
112417 1 0 90 58 761
112417 1 0 90 58 761
112418 1 32 90 58 771
112418 1 32 90 58 771
112418 1 32 90 58 771
112418 0
112418 0
112418 0
112418 0
112418 1 32 90 57 789
112418 1 32 90 57 789
112418 1 32 90 57 789
112418 1 32 90 57 798
112418 1 32 90 57 798
112418 1 32 90 57 798
112418 1 32 90 57 807
112418 1 32 90 57 807
112418 1 32 90 57 807
112418 0
112418 0
112418 0
112418 0
112418 0
112418 0
112418 0
112418 0
112418 0
112418 0
112418 0
112418 0
112418 0
112418 0
112418 0
112419 0
112419 0
112419 0
112419 1 0 90 56 871
112419 1 0 90 56 871
112419 1 0 90 56 871
112419 0
112419 0
112419 0
112419 0
112419 1 32 90 56 890
112419 1 32 90 56 890
112419 1 32 90 56 890
112419 0
112419 0
112419 0
112419 1 32 90 56 909
112419 1 32 90 56 909
112419 1 32 90 56 909
112419 1 32 90 56 909
112419 0
112419 0
112419 0
112419 1 32 90 55 937
112419 1 32 90 55 937
112419 1 32 90 55 937
112419 1 32 90 55 937
112419 0
112419 0
112419 0
112420 0
112420 0
112420 0
112420 0
112420 0
112420 0
112420 0
112420 0
112420 0
112420 0
112420 0
112420 0
112420 0
112420 0
112420 0
112420 0
112420 0
112420 0
112420 0
112420 0
112420 0
112420 0
112420 0
112420 0
112420 0
112420 0
112420 0
112421 0
112421 0
112421 0
112421 0
112421 0
112421 0
112421 0
112421 0
112421 0
112421 0
112421 0
112421 0
112421 0
112421 0
112421 0
112421 0
112421 0
112421 0
112421 0
112421 0
112421 0
112421 0
112421 0
112421 0
112421 0
112421 0
112421 0
112421 0
112421 0
112421 0
112421 0
112421 0
112421 0
112422 0
112422 0
112422 0
112422 0
112422 0
112422 0
112422 0
112422 0
112422 0
112422 0
112422 0
112422 0
112422 0
112422 0
112422 0
112422 0
112422 0
112422 0
112422 0
112422 0
112422 0
112422 0
112422 0
112422 0
112422 0
112422 0
112422 0
112422 0
112422 0
112422 0
112423 0
112423 0
112423 0
112423 0
112423 0
112423 0
112423 0
112423 0
112423 0
112423 0
112423 0
112423 0
112423 0
112423 0
112423 0
112423 0
112423 0
112423 0
112423 0
112423 0
112423 0
112423 0
112423 0
112423 0
112423 0
112423 0
112423 0
112424 0
112424 0
112424 0
112424 0
112424 0
112424 0
112424 0
112424 0
112424 0
112424 0
112424 0
112424 0
112424 0
112424 0
112424 0
112424 0
112424 0
112424 0
112424 0
112424 0
112424 0
112424 0
112424 0
112424 0
112424 0
112424 0
112424 0
112424 0
112424 0
112424 0
112424 0
112425 0
112425 0
112425 0
112425 0
112425 0
112425 0
112425 0
112425 0
112425 0
112425 0
112425 0
112425 0
112425 0
112425 0
112425 0
112425 0
112425 0
112425 0
112425 0
112425 0
112425 0
112425 0
112425 0
112425 0
112425 0
112425 0
112425 0
112425 0
112425 0
112425 0
112425 0
112426 0
112426 0
112426 0
112426 0
112426 0
112426 0
112426 0
112426 0
112426 0
112426 0
112426 0
112426 0
112426 0
112426 0
112426 0
112426 0
112426 0
112426 0
112426 0
112426 0
112426 0
112426 0
112426 0
112426 0
112426 0
112426 0
112426 0
112426 0
112426 0
112427 0
112427 0
112427 0
112427 0
112427 0
112427 0
112427 0
112427 0
112427 0
112427 0
112427 0
112427 0
112427 0
112427 0
112427 0
112427 0
112427 0
112427 0
112427 0
112427 0
112427 0
112427 0
112427 0
112427 0
112427 0
112427 0
112427 0
112427 0
112427 0
112427 0
112428 0
112428 0
112428 0
112428 0
112428 0
112428 0
112428 0
112428 0
112428 0
112428 0
112428 0
112428 0
112428 0
112428 0
112428 0
112428 0
112428 0
112428 0
112428 0
112428 0
112428 0
112428 0
112428 0
112428 0
112428 0
112428 0
112428 0
112428 0
112428 0
112429 0
112429 0
112429 0
112429 0
112429 0
112429 0
112429 0
112429 0
112429 0
112429 0
112429 0
112429 0
112429 0
112429 0
112429 0
112429 0
112429 0
112429 0
112429 0
112429 0
112429 0
112429 0
112429 0
112429 0
112429 0
112429 0
112429 0
112429 0
112429 0
112429 0
112429 0
112430 0
112430 0
112430 0
112430 0
112430 0
112430 0
112430 0
112430 0
112430 0
112430 0
112430 0
112430 0
112430 0
112430 0
112430 0
112430 0
112430 0
112430 0
112430 0
112430 0
112430 0
112430 0
112430 0
112430 0
112430 0
112430 0
112430 0
112430 0
112430 0
112430 0
112431 0
112431 0
112431 0
112431 0
112431 0
112431 0
112431 0
112431 0
112431 0
112431 0
112431 0
112431 0
112431 0
112431 0
112431 0
112431 0
112431 0
112431 0
112431 0
112431 0
112431 0
112431 0
112431 0
112431 0
112431 0
112431 0
112431 0
112431 0
112431 0
112432 0
112432 0
112432 0
112432 0
112432 0
112432 0
112432 0
112432 0
112432 0
112432 0
112432 0
112432 0
112432 0
112432 0
112432 0
112432 0
112432 0
112432 0
112432 0
112432 0
112432 0
112432 0
112432 0
112432 0
112432 0
112432 0
112432 0
112432 0
112432 0
112432 0
112432 0
112432 0
112432 0
112433 0
112433 0
112433 0
112433 0
112433 0
112433 0
112433 0
112433 0
112433 0
112433 0
112433 0
112433 0
112433 0
112433 0
112433 0
112433 0
112433 0
112433 0
112433 0
112433 0
112433 0
112433 0
112433 0
112433 0
112433 0
112433 0
112433 0
112433 0
112433 0
112433 0
112434 0
112434 0
112434 0
112434 0
112434 0
112434 0
112434 0
112434 0
112434 0
112434 0
112434 0
112434 0
112434 0
112434 0
112434 0
112434 0
112434 0
112434 0
112434 0
112434 0
112434 0
112434 0
112434 0
112434 0
112434 0
112434 0
112434 0
112435 0
112435 0
112435 0
112435 0
112435 0
112435 0
112435 0
112435 0
112435 0
112435 0
112435 0
112435 0
112435 0
112435 0
112435 0
112435 0
112435 0
112435 0
112435 0
112435 0
112435 0
112435 0
112435 0
112435 0
112435 0
112435 0
112435 0
112435 0
112435 0
112435 0
112435 0
112435 0
112435 0
112436 0
112436 0
112436 0
112436 0
112436 0
112436 0
112436 0
112436 0
112436 0
112436 0
112436 0
112436 0
112436 0
112436 0
112436 0
112436 0
112436 0
112436 0
112436 0
112436 0
112436 0
112436 0
112436 0
112436 0
112436 0
112436 0
112436 0
112436 0
112436 0
112436 0
112437 0
112437 0
112437 0
112437 0
112437 0
112437 0
112437 0
112437 0
112437 0
112437 0
112437 0
112437 0
112437 0
112437 0
112437 0
112437 0
112437 0
112437 0
112437 0
112437 0
112437 0
112437 0
112437 0
112437 0
112437 0
112437 0
112437 0
112437 0
112437 0
112438 0
112438 0
112438 0
112438 0
112438 0
112438 0
112438 0
112438 0
112438 0
112438 0
112438 0
112438 0
112438 0
112438 0
112438 0
112438 0
112438 0
112438 0
112438 0
112438 0
112438 0
112438 0
112438 0
112438 0
112438 0
112438 0
112438 0
112438 0
112438 0
112438 0
112439 0
112439 0
112439 0
112439 0
112439 0
112439 0
112439 0
112439 0
112439 0
112439 0
112439 0
112439 0
112439 0
112439 0
112439 0
112439 0
112439 0
112439 0
112439 0
112439 0
112439 0
112439 0
112439 0
112439 0
112439 0
112439 0
112439 0
112439 0
112439 0
112440 0
112440 0
112440 0
112440 0
112440 0
112440 0
112440 0
112440 0
112440 0
112440 0
112440 0
112440 0
112440 0
112440 0
112440 0
112440 0
112440 0
112440 0
112440 0
112440 0
112440 0
112440 0
112440 0
112440 0
112440 0
112440 0
112440 0
112440 0
112440 0
112440 0
112441 0
112441 0
112441 0
112441 0
112441 0
112441 0
112441 0
112441 0
112441 0
112441 0
112441 0
112441 0
112441 0
112441 0
112441 0
112441 0
112441 0
112441 0
112441 0
112441 0
112441 0
112441 0
112441 0
112441 0
112441 0
112441 0
112441 0
112441 0
112441 0
112442 0
112442 0
112442 0
112442 0
112442 0
112442 0
112442 0
112442 0
112442 0
112442 0
112442 0
112442 0
112442 0
112442 0
112442 0
112442 0
112442 0
112442 0
112442 0
112442 0
112442 0
112442 0
112442 0
112442 0
112442 0
112442 0
112442 0
112442 0
112442 0
112442 0
112443 0
112443 0
112443 0
112443 0
112443 0
112443 0
112443 0
112443 0
112443 0
112443 0
112443 0
112443 0
112443 0
112443 0
112443 0
112443 0
112443 0
112443 0
112443 0
112443 0
112443 0
112443 0
112443 0
112443 0
112443 0
112443 0
112443 0
112443 0
112443 0
112443 0
112443 0
112443 0
112443 0
112444 0
112444 0
112444 0
112444 0
112444 0
112444 0
112444 0
112444 0
112444 0
112444 0
112444 0
112444 0
112444 0
112444 0
112444 0
112444 0
112444 0
112444 0
112444 0
112444 0
112444 0
112444 0
112444 0
112444 0
112444 0
112444 0
112444 0
112444 0
112444 0
112444 0
112445 0
112445 0
112445 0
112445 0
112445 0
112445 0
112445 0
112445 0
112445 0
112445 0
112445 0
112445 0
112445 0
112445 0
112445 0
112445 0
112445 0
112445 0
112445 0
112445 0
112445 0
112445 0
112445 0
112445 0
112445 0
112445 0
112445 0
112445 0
112445 0
112445 0
112446 0
112446 0
112446 0
112446 0
112446 0
112446 0
112446 0
112446 0
112446 0
112446 0
112446 0
112446 0
112446 0
112446 0
112446 0
112446 0
112446 0
112446 0
112446 0
112446 0
112446 0
112446 0
112446 0
112446 0
112446 0
112446 0
112446 0
112446 0
112446 0
112447 0
112447 0
112447 0
112447 0
112447 0
112447 0
112447 0
112447 0
112447 0
112447 0
112447 0
112447 0
112447 0
112447 0
112447 0
112447 0
112447 0
112447 0
112447 0
112447 0
112447 0
112447 0
112447 0
112447 0
112447 0
112447 0
112447 0
112447 0
112447 0
112448 0
112448 0
112448 0
112448 0
112448 0
112448 0
112448 0
112448 0
112448 0
112448 0
112448 0
112448 0
112448 0
112448 0
112448 0
112448 0
112448 0
112448 0
112448 0
112448 0
112448 0
112448 0
112448 0
112448 0
112448 0
112448 0
112448 0
112448 0
112448 0
112448 0
112449 0
112449 0
112449 0
112449 0
112449 0
112449 0
112449 0
112449 0
112449 0
112449 0
112449 0
112449 0
112449 0
112449 0
112449 0
112449 0
112449 0
112449 0
112449 0
112449 0
112449 0
112449 0
112449 0
112449 0
112449 0
112449 0
112449 0
112449 0
112449 0
112449 0
112449 0
112450 0
112450 0
112450 0
112450 0
112450 0
112450 0
112450 0
112450 0
112450 0
112450 0
112450 0
112450 0
112450 0
112450 0
112450 0
112450 0
112450 0
112450 0
112450 0
112450 0
112450 0
112450 0
112450 0
112450 0
112450 0
112450 0
112450 0
112450 0
112450 0
112450 0
112451 0
112451 0
112451 0
112451 0
112451 0
112451 0
112451 0
112451 0
112451 0
112451 0
112451 0
112451 0
112451 0
112451 0
112451 0
112451 0
112451 0
112451 0
112451 0
112451 0
112451 0
112451 0
112451 0
112451 0
112451 0
112451 0
112451 0
112451 0
112451 0
112452 0
112452 0
112452 0
112452 0
112452 0
112452 0
112452 0
112452 0
112452 0
112452 0
112452 0
112452 0
112452 0
112452 0
112452 0
112452 0
112452 0
112452 0
112452 0
112452 0
112452 0
112452 0
112452 0
112452 0
112452 0
112452 0
112452 0
112452 0
112452 0
112452 0
112452 0
112452 0
112453 0
112453 0
112453 0
112453 0
112453 0
112453 0
112453 0
112453 0
112453 0
112453 0
112453 0
112453 0
112453 0
112453 0
112453 0
112453 0
112453 0
112453 0
112453 0
112453 0
112453 0
112453 0
112453 0
112453 0
112453 0
112453 0
112453 0
112453 0
112453 0
112454 0
112454 0
112454 0
112454 0
112454 0
112454 0
112454 0
112454 0
112454 0
112454 0
112454 0
112454 0
112454 0
112454 0
112454 0
112454 0
112454 0
112454 0
112454 0
112454 0
112454 0
112454 0
112454 0
112454 0
112454 0
112454 0
112454 0
112454 0
112454 0
112455 0
112455 0
112455 0
112455 0
112455 0
112455 0
112455 0
112455 0
112455 0
112455 0
112455 0
112455 0
112455 0
112455 0
112455 0
112455 0
112455 0
112455 0
112455 0
112455 0
112455 0
112455 0
112455 0
112455 0
112455 0
112455 0
112455 0
112455 0
112455 0
112455 0
112456 0
112456 0
112456 0
112456 0
112456 0
112456 0
112456 0
112456 0
112456 0
112456 0
112456 0
112456 0
112456 0
112456 0
112456 0
112456 0
112456 0
112456 0
112456 0
112456 0
112456 0
112456 0
112456 0
112456 0
112456 0
112456 0
112456 0
112456 0
112456 0
112456 0
112456 0
112456 0
112457 0
112457 0
112457 0
112457 0
112457 0
112457 0
112457 0
112457 0
112457 0
112457 0
112457 0
112457 0
112457 0
112457 0
112457 0
112457 0
112457 0
112457 0
112457 0
112457 0
112457 0
112457 0
112457 0
112457 0
112457 0
112457 0
112457 0
112458 0
112458 0
112458 0
112458 0
112458 0
112458 0
112458 0
112458 0
112458 0
112458 0
112458 0
112458 0
112458 0
112458 0
112458 0
112458 0
112458 0
112458 0
112458 0
112458 0
112458 0
112458 0
112458 0
112458 0
112458 0
112458 0
112458 0
112458 0
112458 0
112458 0
112458 0
112458 0
112459 0
112459 0
112459 0
112459 0
112459 0
112459 0
112459 0
112459 0
112459 0
112459 0
112459 0
112459 0
112459 0
112459 0
112459 0
112459 0
112459 0
112459 0
112459 0
112459 0
112459 0
112459 0
112459 0
112459 0
112459 0
112459 0
112459 0
112459 0
112459 0
112459 0
112500 0
112500 0
112500 0
112500 0
112500 0
112500 0
112500 0
112500 0
112500 0
112500 0
112500 0
112500 0
112500 0
112500 0
112500 0
112500 0
112500 0
112500 0
112500 0
112500 0
112500 0
112500 0
112500 0
112500 0
112500 0
112500 0
112500 0
112500 0
112500 0
112500 0
112501 0
112501 0
112501 0
112501 0
112501 0
112501 0
112501 0
112501 0
112501 0
112501 0
112501 0
112501 0
112501 0
112501 0
112501 0
112501 0
112501 0
112501 0
112501 0
112501 0
112501 0
112501 0
112501 0
112501 0
112501 0
112501 0
112501 0
112501 0
112501 0
112501 0
112501 0
112502 0
112502 0
112502 0
112502 0
112502 0
112502 0
112502 0
112502 0
112502 0
112502 0
112502 0
112502 0
112502 0
112502 0
112502 0
112502 0
112502 0
112502 0
112502 0
112502 0
112502 0
112502 0
112502 0
112502 0
112502 0
112502 0
112502 0
112502 0
112502 0
112503 0
112503 0
112503 0
112503 0
112503 0
112503 0
112503 0
112503 0
112503 0
112503 0
112503 0
112503 0
112503 0
112503 0
112503 0
112503 0
112503 0
112503 0
112503 0
112503 0
112503 0
112503 0
112503 0
112503 0
112503 0
112503 0
112503 0
112503 0
112503 0
112503 0
112503 0
112504 0
112504 0
112504 0
112504 0
112504 0
112504 0
112504 0
112504 0
112504 0
112504 0
112504 0
112504 0
112504 0
112504 0
112504 0
112504 0
112504 0
112504 0
112504 0
112504 0
112504 0
112504 0
112504 0
112504 0
112504 0
112504 0
112504 0
112504 0
112504 0
112505 0
112505 0
112505 0
112505 0
112505 0
112505 0
112505 0
112505 0
112505 0
112505 0
112505 0
112505 0
112505 0
112505 0
112505 0
112505 0
112505 0
112505 0
112505 0
112505 0
112505 0
112505 0
112505 0
112505 0
112505 0
112505 0
112505 0
112505 0
112505 0
112505 0
112506 0
112506 0
112506 0
112506 0
112506 0
112506 0
112506 0
112506 0
112506 0
112506 0
112506 0
112506 0
112506 0
112506 0
112506 0
112506 0
112506 0
112506 0
112506 0
112506 0
112506 0
112506 0
112506 0
112506 0
112506 0
112506 0
112506 0
112506 0
112506 0
112506 0
112507 0
112507 0
112507 0
112507 0
112507 0
112507 0
112507 0
112507 0
112507 0
112507 0
112507 0
112507 0
112507 0
112507 0
112507 0
112507 0
112507 0
112507 0
112507 0
112507 0
112507 0
112507 0
112507 0
112507 0
112507 0
112507 0
112507 0
112507 0
112507 0
112508 0
112508 0
112508 0
112508 0
112508 0
112508 0
112508 0
112508 0
112508 0
112508 0
112508 0
112508 0
112508 0
112508 0
112508 0
112508 0
112508 0
112508 0
112508 0
112508 0
112508 0
112508 0
112508 0
112508 0
112508 0
112508 0
112508 0
112508 0
112508 0
112508 0
112508 0
112509 0
112509 0
112509 0
112509 0
112509 0
112509 0
112509 0
112509 0
112509 0
112509 0
112509 0
112509 0
112509 0
112509 0
112509 0
112509 0
112509 0
112509 0
112509 0
112509 0
112509 0
112509 0
112509 0
112509 0
112509 0
112509 0
112509 0
112509 0
112509 0
112509 0
112510 0
112510 0
112510 0
112510 0
112510 0
112510 0
112510 0
112510 0
112510 0
112510 0
112510 0
112510 0
112510 0
112510 0
112510 0
112510 0
112510 0
112510 0
112510 0
112510 0
112510 0
112510 0
112510 0
112510 0
112510 0
112510 0
112510 0
112510 0
112510 0
112511 0
112511 0
112511 0
112511 0
112511 0
112511 0
112511 0
112511 0
112511 0
112511 0
112511 0
112511 0
112511 0
112511 0
112511 0
112511 0
112511 0
112511 0
112511 0
112511 0
112511 0
112511 0
112511 0
112511 0
112511 0
112511 0
112511 0
112511 0
112511 0
112511 0
112512 0
112512 0
112512 0
112512 0
112512 0
112512 0
112512 0
112512 0
112512 0
112512 0
112512 0
112512 0
112512 0
112512 0
112512 0
112512 0
112512 0
112512 0
112512 0
112512 0
112512 0
112512 0
112512 0
112512 0
112512 0
112512 0
112512 0
112512 0
112512 0
112512 0
112512 0
112512 0
112513 0
112513 0
112513 0
112513 0
112513 0
112513 0
112513 0
112513 0
112513 0
112513 0
112513 0
112513 0
112513 0
112513 0
112513 0
112513 0
112513 0
112513 0
112513 0
112513 0
112513 0
112513 0
112513 0
112513 0
112513 0
112513 0
112513 0
112514 0
112514 0
112514 0
112514 0
112514 0
112514 0
112514 0
112514 0
112514 0
112514 0
112514 0
112514 0
112514 0
112514 0
112514 0
112514 0
112514 0
112514 0
112514 0
112514 0
112514 0
112514 0
112514 0
112514 0
112514 0
112514 0
112514 0
112514 0
112514 0
112514 0
112514 0
112514 0
112515 0
112515 0
112515 0
112515 0
112515 0
112515 0
112515 0
112515 0
112515 0
112515 0
112515 0
112515 0
112515 0
112515 0
112515 0
112515 0
112515 0
112515 0
112515 0
112515 0
112515 0
112515 0
112515 0
112515 0
112515 0
112515 0
112515 0
112515 0
112515 0
112515 0
112516 0
112516 0
112516 0
112516 0
112516 0
112516 0
112516 0
112516 0
112516 0
112516 0
112516 0
112516 0
112516 0
112516 0
112516 0
112516 0
112516 0
112516 0
112516 0
112516 0
112516 0
112516 0
112516 0
112516 0
112516 0
112516 0
112516 0
112516 0
112516 0
112516 0
112517 0
112517 0
112517 0
112517 0
112517 0
112517 0
112517 0
112517 0
112517 0
112517 0
112517 0
112517 0
112517 0
112517 0
112517 0
112517 0
112517 0
112517 0
112517 0
112517 0
112517 0
112517 0
112517 0
112517 0
112517 0
112517 0
112517 0
112517 0
112517 0
112518 0
112518 0
112518 0
112518 0
112518 0
112518 0
112518 0
112518 0
112518 0
112518 0
112518 0
112518 0
112518 0
112518 0
112518 0
112518 0
112518 0
112518 0
112518 0
112518 0
112518 0
112518 0
112518 0
112518 0
112518 0
112518 0
112518 0
112518 0
112518 0
112518 0
112519 0
112519 0
112519 0
112519 0
112519 0
112519 0
112519 0
112519 0
112519 0
112519 0
112519 0
112519 0
112519 0
112519 0
112519 0
112519 0
112519 0
112519 0
112519 0
112519 0
112519 0
112519 0
112519 0
112519 0
112519 0
112519 0
112519 0
112519 0
112519 0
112519 0
112519 0
112520 0
112520 0
112520 0
112520 0
112520 0
112520 0
112520 0
112520 0
112520 0
112520 0
112520 0
112520 0
112520 0
112520 0
112520 0
112520 0
112520 0
112520 0
112520 0
112520 0
112520 0
112520 0
112520 0
112520 0
112520 0
112520 0
112520 0
112520 0
112521 0
112521 0
112521 0
112521 0
112521 0
112521 0
112521 0
112521 0
112521 0
112521 0
112521 0
112521 0
112521 0
112521 0
112521 0
112521 0
112521 0
112521 0
112521 0
112521 0
112521 0
112521 0
112521 0
112521 0
112521 0
112521 0
112521 0
112521 0
112521 0
112521 0
112522 0
112522 0
112522 0
112522 0
112522 0
112522 0
112522 0
112522 0
112522 0
112522 0
112522 0
112522 0
112522 0
112522 0
112522 0
112522 0
112522 0
112522 0
112522 0
112522 0
112522 0
112522 0
112522 0
112522 0
112522 0
112522 0
112522 0
112522 0
112522 0
112522 0
112522 0
112523 0
112523 0
112523 0
112523 0
112523 0
112523 0
112523 0
112523 0
112523 0
112523 0
112523 0
112523 0
112523 0
112523 0
112523 0
112523 0
112523 0
112523 0
112523 0
112523 0
112523 0
112523 0
112523 0
112523 0
112523 0
112523 0
112523 0
112523 0
112523 0
112523 0
112523 0
112524 0
112524 0
112524 0
112524 0
112524 0
112524 0
112524 0
112524 0
112524 0
112524 0
112524 0
112524 0
112524 0
112524 0
112524 0
112524 0
112524 0
112524 0
112524 0
112524 0
112524 0
112524 0
112524 0
112524 0
112524 0
112524 0
112524 0
112524 0
112524 0
112525 0
112525 0
112525 0
112525 0
112525 0
112525 0
112525 0
112525 0
112525 0
112525 0
112525 0
112525 0
112525 0
112525 0
112525 0
112525 0
112525 0
112525 0
112525 0
112525 0
112525 0
112525 0
112525 0
112525 0
112525 0
112525 0
112525 0
112525 0
112525 0
112525 0
112526 0
112526 0
112526 0
112526 0
112526 0
112526 0
112526 0
112526 0
112526 0
112526 0
112526 0
112526 0
112526 0
112526 0
112526 0
112526 0
112526 0
112526 0
112526 0
112526 0
112526 0
112526 0
112526 0
112526 0
112526 0
112526 0
112526 0
112526 0
112526 0
112526 0
112526 0
112527 0
112527 0
112527 0
112527 0
112527 0
112527 0
112527 0
112527 0
112527 0
112527 0
112527 0
112527 0
112527 0
112527 0
112527 0
112527 0
112527 0
112527 0
112527 0
112527 0
112527 0
112527 0
112527 0
112527 0
112527 0
112527 0
112527 0
112527 0
112527 0
112527 0
112527 0
112528 0
112528 0
112528 0
112528 0
112528 0
112528 0
112528 0
112528 0
112528 0
112528 0
112528 0
112528 0
112528 0
112528 0
112528 0
112528 0
112528 0
112528 0
112528 0
112528 0
112528 0
112528 0
112528 0
112528 0
112528 0
112528 0
112528 0
112528 0
112529 0
112529 0
112529 0
112529 0
112529 0
112529 0
112529 0
112529 0
112529 0
112529 0
112529 0
112529 0
112529 0
112529 0
112529 0
112529 0
112529 0
112529 0
112529 0
112529 0
112529 0
112529 0
112529 0
112529 0
112529 0
112529 0
112529 0
112529 0
112529 0
112529 0
112529 0
112529 0
112529 0
112530 0
112530 0
112530 0
112530 0
112530 0
112530 0
112530 0
112530 0
112530 0
112530 0
112530 0
112530 0
112530 0
112530 0
112530 0
112530 0
112530 0
112530 0
112530 0
112530 0
112530 0
112530 0
112530 0
112530 0
112530 0
112530 0
112530 0
112531 0
112531 0
112531 0
112531 0
112531 0
112531 0
112531 0
112531 0
112531 0
112531 0
112531 0
112531 0
112531 0
112531 0
112531 0
112531 0
112531 0
112531 0
112531 0
112531 0
112531 0
112531 0
112531 0
112531 0
112531 0
112531 0
112531 0
112531 0
112531 0
112531 0
112531 0
112531 0
112531 0
112532 0
112532 0
112532 0
112532 0
112532 0
112532 0
112532 0
112532 0
112532 0
112532 0
112532 0
112532 0
112532 0
112532 0
112532 0
112532 0
112532 0
112532 0
112532 0
112532 0
112532 0
112532 0
112532 0
112532 0
112532 0
112532 0
112532 0
112532 0
112532 0
112533 0
112533 0
112533 0
112533 0
112533 0
112533 0
112533 0
112533 0
112533 0
112533 0
112533 0
112533 0
112533 0
112533 0
112533 0
112533 0
112533 0
112533 0
112533 0
112533 0
112533 0
112533 0
112533 0
112533 0
112533 0
112533 0
112533 0
112533 0
112533 0
112534 0
112534 0
112534 0
112534 0
112534 0
112534 0
112534 0
112534 0
112534 0
112534 0
112534 0
112534 0
112534 0
112534 0
112534 0
112534 0
112534 0
112534 0
112534 0
112534 0
112534 0
112534 0
112534 0
112534 0
112534 0
112534 0
112534 0
112534 0
112534 0
112534 0
112534 0
112535 0
112535 0
112535 0
112535 0
112535 0
112535 0
112535 0
112535 0
112535 0
112535 0
112535 0
112535 0
112535 0
112535 0
112535 0
112535 0
112535 0
112535 0
112535 0
112535 0
112535 0
112535 0
112535 0
112535 0
112535 0
112535 0
112535 0
112535 0
112535 0
112535 0
112536 0
112536 0
112536 0
112536 0
112536 0
112536 0
112536 0
112536 0
112536 0
112536 0
112536 0
112536 0
112536 0
112536 0
112536 0
112536 0
112536 0
112536 0
112536 0
112536 0
112536 0
112536 0
112536 0
112536 0
112536 0
112536 0
112536 0
112536 0
112536 0
112536 0
112537 0
112537 0
112537 0
112537 0
112537 0
112537 0
112537 0
112537 0
112537 0
112537 0
112537 0
112537 0
112537 0
112537 0
112537 0
112537 0
112537 0
112537 0
112537 0
112537 0
112537 0
112537 0
112537 0
112537 0
112537 0
112537 0
112537 0
112538 0
112538 0
112538 0
112538 0
112538 0
112538 0
112538 0
112538 0
112538 0
112538 0
112538 0
112538 0
112538 0
112538 0
112538 0
112538 0
112538 0
112538 0
112538 0
112538 0
112538 0
112538 0
112538 0
112538 0
112538 0
112538 0
112538 0
112538 0
112538 0
112538 0
112538 0
112538 0
112538 0
112539 0
112539 0
112539 0
112539 0
112539 0
112539 0
112539 0
112539 0
112539 0
112539 0
112539 0
112539 0
112539 0
112539 0
112539 0
112539 0
112539 0
112539 0
112539 0
112539 0
112539 0
112539 0
112539 0
112539 0
112539 0
112539 0
112539 0
112539 0
112539 0
112539 0
112540 0
112540 0
112540 0
112540 0
112540 0
112540 0
112540 0
112540 0
112540 0
112540 0
112540 0
112540 0
112540 0
112540 0
112540 0
112540 0
112540 0
112540 0
112540 0
112540 0
112540 0
112540 0
112540 0
112540 0
112540 0
112540 0
112540 0
112540 0
112540 0
112540 0
112541 0
112541 0
112541 0
112541 0
112541 0
112541 0
112541 0
112541 0
112541 0
112541 0
112541 0
112541 0
112541 0
112541 0
112541 0
112541 0
112541 0
112541 0
112541 0
112541 0
112541 0
112541 0
112541 0
112541 0
112541 0
112541 0
112541 0
112541 0
112541 0
112542 0
112542 0
112542 0
112542 0
112542 0
112542 0
112542 0
112542 0
112542 0
112542 0
112542 0
112542 0
112542 0
112542 0
112542 0
112542 0
112542 0
112542 0
112542 0
112542 0
112542 0
112542 0
112542 0
112542 0
112542 0
112542 0
112542 0
112542 0
112542 0
112542 0
112543 0
112543 0
112543 0
112543 0
112543 0
112543 0
112543 0
112543 0
112543 0
112543 0
112543 0
112543 0
112543 0
112543 0
112543 0
112543 0
112543 0
112543 0
112543 0
112543 0
112543 0
112543 0
112543 0
112543 0
112543 0
112543 0
112543 0
112543 0
112543 0
112543 0
112544 0
112544 0
112544 0
112544 0
112544 0
112544 0
112544 0
112544 0
112544 0
112544 0
112544 0
112544 0
112544 0
112544 0
112544 0
112544 0
112544 0
112544 0
112544 0
112544 0
112544 0
112544 0
112544 0
112544 0
112544 0
112544 0
112544 0
112544 0
112544 0
112544 0
112545 0
112545 0
112545 0
112545 0
112545 0
112545 0
112545 0
112545 0
112545 0
112545 0
112545 0
112545 0
112545 0
112545 0
112545 0
112545 0
112545 0
112545 0
112545 0
112545 0
112545 0
112545 0
112545 0
112545 0
112545 0
112545 0
112545 0
112545 0
112545 0
112546 0
112546 0
112546 0
112546 0
112546 0
112546 0
112546 0
112546 0
112546 0
112546 0
112546 0
112546 0
112546 0
112546 0
112546 0
112546 0
112546 0
112546 0
112546 0
112546 0
112546 0
112546 0
112546 0
112546 0
112546 0
112546 0
112546 0
112546 0
112546 0
112546 0
112547 0
112547 0
112547 0
112547 0
112547 0
112547 0
112547 0
112547 0
112547 0
112547 0
112547 0
112547 0
112547 0
112547 0
112547 0
112547 0
112547 0
112547 0
112547 0
112547 0
112547 0
112547 0
112547 0
112547 0
112547 0
112547 0
112547 0
112547 0
112547 0
112547 0
112548 0
112548 0
112548 0
112548 0
112548 0
112548 0
112548 0
112548 0
112548 0
112548 0
112548 0
112548 0
112548 0
112548 0
112548 0
112548 0
112548 0
112548 0
112548 0
112548 0
112548 0
112548 0
112548 0
112548 0
112548 0
112548 0
112548 0
112548 0
112548 0
112548 0
112549 0
112549 0
112549 0
112549 0
112549 0
112549 0
112549 0
112549 0
112549 0
112549 0
112549 0
112549 0
112549 0
112549 0
112549 0
112549 0
112549 0
112549 0
112549 0
112549 0
112549 0
112549 0
112549 0
112549 0
112549 0
112549 0
112549 0
112549 0
112549 0
112549 0
112550 0
112550 0
112550 0
112550 0
112550 0
112550 0
112550 0
112550 0
112550 0
112550 0
112550 0
112550 0
112550 0
112550 0
112550 0
112550 0
112550 0
112550 0
112550 0
112550 0
112550 0
112550 0
112550 0
112550 0
112550 0
112550 0
112550 0
112550 0
112550 0
112550 0
112550 0
112550 0
112551 0
112551 0
112551 0
112551 0
112551 0
112551 0
112551 0
112551 0
112551 0
112551 0
112551 0
112551 0
112551 0
112551 0
112551 0
112551 0
112551 0
112551 0
112551 0
112551 0
112551 0
112551 0
112551 0
112551 0
112551 0
112551 0
112551 0
112551 0
112552 0
112552 0
112552 0
112552 0
112552 0
112552 0
112552 0
112552 0
112552 0
112552 0
112552 0
112552 0
112552 0
112552 0
112552 0
112552 0
112552 0
112552 0
112552 0
112552 0
112552 0
112552 0
112552 0
112552 0
112552 0
112552 0
112552 0
112552 0
112552 0
112552 0
112552 0
112552 0
112553 0
112553 0
112553 0
112553 0
112553 0
112553 0
112553 0
112553 0
112553 0
112553 0
112553 0
112553 0
112553 0
112553 0
112553 0
112553 0
112553 0
112553 0
112553 0
112553 0
112553 0
112553 0
112553 0
112553 0
112553 0
112553 0
112553 0
112553 0
112553 0
112553 0
112554 0
112554 0
112554 0
112554 0
112554 0
112554 0
112554 0
112554 0
112554 0
112554 0
112554 0
112554 0
112554 0
112554 0
112554 0
112554 0
112554 0
112554 0
112554 0
112554 0
112554 0
112554 0
112554 0
112554 0
112554 0
112554 0
112554 0
112554 0
112554 0
112554 0
112555 0
112555 0
112555 0
112555 0
112555 0
112555 0
112555 0
112555 0
112555 0
112555 0
112555 0
112555 0
112555 0
112555 0
112555 0
112555 0
112555 0
112555 0
112555 0
112555 0
112555 0
112555 0
112555 0
112555 0
112555 0
112555 0
112555 0
112555 0
112555 0
112556 0
112556 0
112556 0
112556 0
112556 0
112556 0
112556 0
112556 0
112556 0
112556 0
112556 0
112556 0
112556 0
112556 0
112556 0
112556 0
112556 0
112556 0
112556 0
112556 0
112556 0
112556 0
112556 0
112556 0
112556 0
112556 0
112556 0
112556 0
112556 0
112556 0
112557 0
112557 0
112557 0
112557 0
112557 0
112557 0
112557 0
112557 0
112557 0
112557 0
112557 0
112557 0
112557 0
112557 0
112557 0
112557 0
112557 0
112557 0
112557 0
112557 0
112557 0
112557 0
112557 0
112557 0
112557 0
112557 0
112557 0
112557 0
112557 0
112558 0
112558 0
112558 0
112558 0
112558 0
112558 0
112558 0
112558 0
112558 0
112558 0
112558 0
112558 0
112558 0
112558 0
112558 0
112558 0
112558 0
112558 0
112558 0
112558 0
112558 0
112558 0
112558 0
112558 0
112558 0
112558 0
112558 0
112558 0
112558 0
112558 0
112559 0
112559 0
112559 0
112559 0
112559 0
112559 0
112559 0
112559 0
112559 0
112559 0
112559 0
112559 0
112559 0
112559 0
112559 0
112559 0
112559 0
112559 0
112559 0
112559 0
112559 0
112559 0
112559 0
112559 0
112559 0
112559 0
112559 0
112559 0
112559 0
112559 0
112559 0
112559 0
112600 0
112600 0
112600 0
112600 0
112600 0
112600 0
112600 0
112600 0
112600 0
112600 0
112600 0
112600 0
112600 0
112600 0
112600 0
112600 0
112600 0
112600 0
112600 0
112600 0
112600 0
112600 0
112600 0
112600 0
112600 0
112600 0
112600 0
112600 0
112600 0
112600 0
112601 0
112601 0
112601 0
112601 0
112601 0
112601 0
112601 0
112601 0
112601 0
112601 0
112601 0
112601 0
112601 0
112601 0
112601 0
112601 0
112601 0
112601 0
112601 0
112601 0
112601 0
112601 0
112601 0
112601 0
112601 0
112601 0
112601 0
112602 0
112602 0
112602 0
112602 0
112602 0
112602 0
112602 0
112602 0
112602 0
112602 0
112602 0
112602 0
112602 0
112602 0
112602 0
112602 0
112602 0
112602 0
112602 0
112602 0
112602 0
112602 0
112602 0
112602 0
112602 0
112602 0
112602 0
112602 0
112602 0
112602 0
112603 0
112603 0
112603 0
112603 0
112603 0
112603 0
112603 0
112603 0
112603 0
112603 0
112603 0
112603 0
112603 0
112603 0
112603 0
112603 0
112603 0
112603 0
112603 0
112603 0
112603 0
112603 0
112603 0
112603 0
112603 0
112603 0
112603 0
112603 0
112603 0
112603 0
112604 0
112604 0
112604 0
112604 0
112604 0
112604 0
112604 0
112604 0
112604 0
112604 0
112604 0
112604 0
112604 0
112604 0
112604 0
112604 0
112604 0
112604 0
112604 0
112604 0
112604 0
112604 0
112604 0
112604 0
112604 0
112604 0
112604 0
112604 0
112604 0
112604 0
112604 0
112604 0
112604 0
112604 0
112605 0
112605 0
112605 0
112605 0
112605 0
112605 0
112605 0
112605 0
112605 0
112605 0
112605 0
112605 0
112605 0
112605 0
112605 0
112605 0
112605 0
112605 0
112605 0
112605 0
112605 0
112605 0
112605 0
112605 0
112605 0
112605 0
112606 0
112606 0
112606 0
112606 0
112606 0
112606 0
112606 0
112606 0
112606 0
112606 0
112606 0
112606 0
112606 0
112606 0
112606 0
112606 0
112606 0
112606 0
112606 0
112606 0
112606 0
112606 0
112606 0
112606 0
112606 0
112606 0
112606 0
112606 0
112606 0
112606 0
112606 0
112607 0
112607 0
112607 0
112607 0
112607 0
112607 0
112607 0
112607 0
112607 0
112607 0
112607 0
112607 0
112607 0
112607 0
112607 0
112607 0
112607 0
112607 0
112607 0
112607 0
112607 0
112607 0
112607 0
112607 0
112607 0
112607 0
112607 0
112607 0
112607 0
112608 0
112608 0
112608 0
112608 0
112608 0
112608 0
112608 0
112608 0
112608 0
112608 0
112608 0
112608 0
112608 0
112608 0
112608 0
112608 0
112608 0
112608 0
112608 0
112608 0
112608 0
112608 0
112608 0
112608 0
112608 0
112608 0
112608 0
112608 0
112608 0
112608 0
112608 0
112608 0
112609 0
112609 0
112609 0
112609 0
112609 0
112609 0
112609 0
112609 0
112609 0
112609 0
112609 0
112609 0
112609 0
112609 0
112609 0
112609 0
112609 0
112609 0
112609 0
112609 0
112609 0
112609 0
112609 0
112609 0
112609 0
112609 0
112609 0
112609 0
112609 0
112610 0
112610 0
112610 0
112610 0
112610 0
112610 0
112610 0
112610 0
112610 0
112610 0
112610 0
112610 0
112610 0
112610 0
112610 0
112610 0
112610 0
112610 0
112610 0
112610 0
112610 0
112610 0
112610 0
112610 0
112610 0
112610 0
112610 0
112610 0
112610 0
112610 0
112610 0
112610 0
112611 0
112611 0
112611 0
112611 0
112611 0
112611 0
112611 0
112611 0
112611 0
112611 0
112611 0
112611 0
112611 0
112611 0
112611 0
112611 0
112611 0
112611 0
112611 0
112611 0
112611 0
112611 0
112611 0
112611 0
112611 0
112611 0
112611 0
112611 0
112612 0
112612 0
112612 0
112612 0
112612 0
112612 0
112612 0
112612 0
112612 0
112612 0
112612 0
112612 0
112612 0
112612 0
112612 0
112612 0
112612 0
112612 0
112612 0
112612 0
112612 0
112612 0
112612 0
112612 0
112612 0
112612 0
112612 0
112612 0
112612 0
112612 0
112612 0
112612 0
112613 0
112613 0
112613 0
112613 0
112613 0
112613 0
112613 0
112613 0
112613 0
112613 0
112613 0
112613 0
112613 0
112613 0
112613 0
112613 0
112613 0
112613 0
112613 0
112613 0
112613 0
112613 0
112613 0
112613 0
112613 0
112613 0
112613 0
112613 0
112613 0
112614 0
112614 0
112614 0
112614 0
112614 0
112614 0
112614 0
112614 0
112614 0
112614 0
112614 0
112614 0
112614 0
112614 0
112614 0
112614 0
112614 0
112614 0
112614 0
112614 0
112614 0
112614 0
112614 0
112614 0
112614 0
112614 0
112614 0
112614 0
112614 0
112614 0
112614 0
112615 0
112615 0
112615 0
112615 0
112615 0
112615 0
112615 0
112615 0
112615 0
112615 0
112615 0
112615 0
112615 0
112615 0
112615 0
112615 0
112615 0
112615 0
112615 0
112615 0
112615 0
112615 0
112615 0
112615 0
112615 0
112615 0
112615 0
112616 0
112616 0
112616 0
112616 0
112616 0
112616 0
112616 0
112616 0
112616 0
112616 0
112616 0
112616 0
112616 0
112616 0
112616 0
112616 0
112616 0
112616 0
112616 0
112616 0
112616 0
112616 0
112616 0
112616 0
112616 0
112616 0
112616 0
112616 0
112616 0
112616 0
112616 0
112617 0
112617 0
112617 0
112617 0
112617 0
112617 0
112617 0
112617 0
112617 0
112617 0
112617 0
112617 0
112617 0
112617 0
112617 0
112617 0
112617 0
112617 0
112617 0
112617 0
112617 0
112617 0
112617 0
112617 0
112617 0
112617 0
112617 0
112617 0
112617 0
112618 0
112618 0
112618 0
112618 0
112618 0
112618 0
112618 0
112618 0
112618 0
112618 0
112618 0
112618 0
112618 0
112618 0
112618 0
112618 0
112618 0
112618 0
112618 0
112618 0
112618 0
112618 0
112618 0
112618 0
112618 0
112618 0
112618 0
112618 0
112618 0
112618 0
112619 0
112619 0
112619 0
112619 0
112619 0
112619 0
112619 0
112619 0
112619 0
112619 0
112619 0
112619 0
112619 0
112619 0
112619 0
112619 0
112619 0
112619 0
112619 0
112619 0
112619 0
112619 0
112619 0
112619 0
112619 0
112619 0
112619 0
112619 0
112619 0
112619 0
112620 0
112620 0
112620 0
112620 0
112620 0
112620 0
112620 0
112620 0
112620 0
112620 0
112620 0
112620 0
112620 0
112620 0
112620 0
112620 0
112620 0
112620 0
112620 0
112620 0
112620 0
112620 0
112620 0
112620 0
112620 0
112620 0
112620 0
112620 0
112620 0
112620 0
112620 0
112621 0
112621 0
112621 0
112621 0
112621 0
112621 0
112621 0
112621 0
112621 0
112621 0
112621 0
112621 0
112621 0
112621 0
112621 0
112621 0
112621 0
112621 0
112621 0
112621 0
112621 0
112621 0
112621 0
112621 0
112621 0
112621 0
112621 0
112621 0
112621 0
112621 0
112621 0
112622 0
112622 0
112622 0
112622 0
112622 0
112622 0
112622 0
112622 0
112622 0
112622 0
112622 0
112622 0
112622 0
112622 0
112622 0
112622 0
112622 0
112622 0
112622 0
112622 0
112622 0
112622 0
112622 0
112622 0
112622 0
112622 0
112622 0
112622 0
112622 0
112622 0
112623 0
112623 0
112623 0
112623 0
112623 0
112623 0
112623 0
112623 0
112623 0
112623 0
112623 0
112623 0
112623 0
112623 0
112623 0
112623 0
112623 0
112623 0
112623 0
112623 0
112623 0
112623 0
112623 0
112623 0
112623 0
112623 0
112623 0
112623 0
112623 0
112624 0
112624 0
112624 0
112624 0
112624 0
112624 0
112624 0
112624 0
112624 0
112624 0
112624 0
112624 0
112624 0
112624 0
112624 0
112624 0
112624 0
112624 0
112624 0
112624 0
112624 0
112624 0
112624 0
112624 0
112624 0
112624 0
112624 0
112624 0
112624 0
112624 0
112625 0
112625 0
112625 0
112625 0
112625 0
112625 0
112625 0
112625 0
112625 0
112625 0
112625 0
112625 0
112625 0
112625 0
112625 0
112625 0
112625 0
112625 0
112625 0
112625 0
112625 0
112625 0
112625 0
112625 0
112625 0
112625 0
112625 0
112625 0
112625 0
112626 0
112626 0
112626 0
112626 0
112626 0
112626 0
112626 0
112626 0
112626 0
112626 0
112626 0
112626 0
112626 0
112626 0
112626 0
112626 0
112626 0
112626 0
112626 0
112626 0
112626 0
112626 0
112626 0
112626 0
112626 0
112626 0
112626 0
112626 0
112626 0
112626 0
112626 0
112627 0
112627 0
112627 0
112627 0
112627 0
112627 0
112627 0
112627 0
112627 0
112627 0
112627 0
112627 0
112627 0
112627 0
112627 0
112627 0
112627 0
112627 0
112627 0
112627 0
112627 0
112627 0
112627 0
112627 0
112627 0
112627 0
112627 0
112627 0
112627 0
112628 0
112628 0
112628 0
112628 0
112628 0
112628 0
112628 0
112628 0
112628 0
112628 0
112628 0
112628 0
112628 0
112628 0
112628 0
112628 0
112628 0
112628 0
112628 0
112628 0
112628 0
112628 0
112628 0
112628 0
112628 0
112628 0
112628 0
112628 0
112628 0
112628 0
112629 0
112629 0
112629 0
112629 0
112629 0
112629 0
112629 0
112629 0
112629 0
112629 0
112629 0
112629 0
112629 0
112629 0
112629 0
112629 0
112629 0
112629 0
112629 0
112629 0
112629 0
112629 0
112629 0
112629 0
112629 0
112629 0
112629 0
112629 0
112629 0
112629 0
112629 0
112629 0
112630 0
112630 0
112630 0
112630 0
112630 0
112630 0
112630 0
112630 0
112630 0
112630 0
112630 0
112630 0
112630 0
112630 0
112630 0
112630 0
112630 0
112630 0
112630 0
112630 0
112630 0
112630 0
112630 0
112630 0
112630 0
112630 0
112630 0
112630 0
112630 0
112630 0
112630 0
112631 0
112631 0
112631 0
112631 0
112631 0
112631 0
112631 0
112631 0
112631 0
112631 0
112631 0
112631 0
112631 0
112631 0
112631 0
112631 0
112631 0
112631 0
112631 0
112631 0
112631 0
112631 0
112631 0
112631 0
112631 0
112631 0
112631 0
112631 0
112632 0
112632 0
112632 0
112632 0
112632 0
112632 0
112632 0
112632 0
112632 0
112632 0
112632 0
112632 0
112632 0
112632 0
112632 0
112632 0
112632 0
112632 0
112632 0
112632 0
112632 0
112632 0
112632 0
112632 0
112632 0
112632 0
112632 0
112632 0
112632 0
112632 0
112632 0
112633 0
112633 0
112633 0
112633 0
112633 0
112633 0
112633 0
112633 0
112633 0
112633 0
112633 0
112633 0
112633 0
112633 0
112633 0
112633 0
112633 0
112633 0
112633 0
112633 0
112633 0
112633 0
112633 0
112633 0
112633 0
112633 0
112633 0
112633 0
112633 0
112634 0
112634 0
112634 0
112634 0
112634 0
112634 0
112634 0
112634 0
112634 0
112634 0
112634 0
112634 0
112634 0
112634 0
112634 0
112634 0
112634 0
112634 0
112634 0
112634 0
112634 0
112634 0
112634 0
112634 0
112634 0
112634 0
112634 0
112634 0
112634 0
112634 0
112634 0
112634 0
112634 0
112635 0
112635 0
112635 0
112635 0
112635 0
112635 0
112635 0
112635 0
112635 0
112635 0
112635 0
112635 0
112635 0
112635 0
112635 0
112635 0
112635 0
112635 0
112635 0
112635 0
112635 0
112635 0
112635 0
112635 0
112635 0
112635 0
112635 0
112635 0
112635 0
112636 0
112636 0
112636 0
112636 0
112636 0
112636 0
112636 0
112636 0
112636 0
112636 0
112636 0
112636 0
112636 0
112636 0
112636 0
112636 0
112636 0
112636 0
112636 0
112636 0
112636 0
112636 0
112636 0
112636 0
112636 0
112636 0
112636 0
112636 0
112636 0
112637 0
112637 0
112637 0
112637 0
112637 0
112637 0
112637 0
112637 0
112637 0
112637 0
112637 0
112637 0
112637 0
112637 0
112637 0
112637 0
112637 0
112637 0
112637 0
112637 0
112637 0
112637 0
112637 0
112637 0
112637 0
112637 0
112637 0
112637 0
112637 0
112637 0
112638 0
112638 0
112638 0
112638 0
112638 0
112638 0
112638 0
112638 0
112638 0
112638 0
112638 0
112638 0
112638 0
112638 0
112638 0
112638 0
112638 0
112638 0
112638 0
112638 0
112638 0
112638 0
112638 0
112638 0
112638 0
112638 0
112638 0
112638 0
112638 0
112638 0
112639 0
112639 0
112639 0
112639 0
112639 0
112639 0
112639 0
112639 0
112639 0
112639 0
112639 0
112639 0
112639 0
112639 0
112639 0
112639 0
112639 0
112639 0
112639 0
112639 0
112639 0
112639 0
112639 0
112639 0
112639 0
112639 0
112639 0
112639 0
112639 0
112640 0
112640 0
112640 0
112640 0
112640 0
112640 0
112640 0
112640 0
112640 0
112640 0
112640 0
112640 0
112640 0
112640 0
112640 0
112640 0
112640 0
112640 0
112640 0
112640 0
112640 0
112640 0
112640 0
112640 0
112640 0
112640 0
112640 0
112640 0
112640 0
112640 0
112640 0
112641 0
112641 0
112641 0
112641 0
112641 0
112641 0
112641 0
112641 0
112641 0
112641 0
112641 0
112641 0
112641 0
112641 0
112641 0
112641 0
112641 0
112641 0
112641 0
112641 0
112641 0
112641 0
112641 0
112641 0
112641 0
112641 0
112641 0
112641 0
112641 0
112642 0
112642 0
112642 0
112642 0
112642 0
112642 0
112642 0
112642 0
112642 0
112642 0
112642 0
112642 0
112642 0
112642 0
112642 0
112642 0
112642 0
112642 0
112642 0
112642 0
112642 0
112642 0
112642 0
112642 0
112642 0
112642 0
112642 0
112642 0
112642 0
112643 0
112643 0
112643 0
112643 0
112643 0
112643 0
112643 0
112643 0
112643 0
112643 0
112643 0
112643 0
112643 0
112643 0
112643 0
112643 0
112643 0
112643 0
112643 0
112643 0
112643 0
112643 0
112643 0
112643 0
112643 0
112643 0
112643 0
112643 0
112643 0
112643 0
112643 0
112644 0
112644 0
112644 0
112644 0
112644 0
112644 0
112644 0
112644 0
112644 0
112644 0
112644 0
112644 0
112644 0
112644 0
112644 0
112644 0
112644 0
112644 0
112644 0
112644 0
112644 0
112644 0
112644 0
112644 0
112644 0
112644 0
112644 0
112644 0
112644 0
112645 0
112645 0
112645 0
112645 0
112645 0
112645 0
112645 0
112645 0
112645 0
112645 0
112645 0
112645 0
112645 0
112645 0
112645 0
112645 0
112645 0
112645 0
112645 0
112645 0
112645 0
112645 0
112645 0
112645 0
112645 0
112645 0
112645 0
112645 0
112645 0
112645 0
112645 0
112645 0
112645 0
112645 0
112646 0
112646 0
112646 0
112646 0
112646 0
112646 0
112646 0
112646 0
112646 0
112646 0
112646 0
112646 0
112646 0
112646 0
112646 0
112646 0
112646 0
112646 0
112646 0
112646 0
112646 0
112646 0
112646 0
112646 0
112646 0
112646 0
112647 0
112647 0
112647 0
112647 0
112647 0
112647 0
112647 0
112647 0
112647 0
112647 0
112647 0
112647 0
112647 0
112647 0
112647 0
112647 0
112647 0
112647 0
112647 0
112647 0
112647 0
112647 0
112647 0
112647 0
112647 0
112647 0
112647 0
112647 0
112647 0
112647 0
112647 0
112647 0
112648 0
112648 0
112648 0
112648 0
112648 0
112648 0
112648 0
112648 0
112648 0
112648 0
112648 0
112648 0
112648 0
112648 0
112648 0
112648 0
112648 0
112648 0
112648 0
112648 0
112648 0
112648 0
112648 0
112648 0
112648 0
112648 0
112648 0
112648 0
112648 0
112648 0
112649 0
112649 0
112649 0
112649 0
112649 0
112649 0
112649 0
112649 0
112649 0
112649 0
112649 0
112649 0
112649 0
112649 0
112649 0
112649 0
112649 0
112649 0
112649 0
112649 0
112649 0
112649 0
112649 0
112649 0
112649 0
112649 0
112649 0
112649 0
112649 0
112650 0
112650 0
112650 0
112650 0
112650 0
112650 0
112650 0
112650 0
112650 0
112650 0
112650 0
112650 0
112650 0
112650 0
112650 0
112650 0
112650 0
112650 0
112650 0
112650 0
112650 0
112650 0
112650 0
112650 0
112650 0
112650 0
112650 0
112650 0
112650 0
112650 0
112651 0
112651 0
112651 0
112651 0
112651 0
112651 0
112651 0
112651 0
112651 0
112651 0
112651 0
112651 0
112651 0
112651 0
112651 0
112651 0
112651 0
112651 0
112651 0
112651 0
112651 0
112651 0
112651 0
112651 0
112651 0
112651 0
112651 0
112651 0
112651 0
112651 0
112652 0
112652 0
112652 0
112652 0
112652 0
112652 0
112652 0
112652 0
112652 0
112652 0
112652 0
112652 0
112652 0
112652 0
112652 0
112652 0
112652 0
112652 0
112652 0
112652 0
112652 0
112652 0
112652 0
112652 0
112652 0
112652 0
112652 0
112652 0
112652 0
112652 0
112652 0
112653 0
112653 0
112653 0
112653 0
112653 0
112653 0
112653 0
112653 0
112653 0
112653 0
112653 0
112653 0
112653 0
112653 0
112653 0
112653 0
112653 0
112653 0
112653 0
112653 0
112653 0
112653 0
112653 0
112653 0
112653 0
112653 0
112653 0
112653 0
112653 0
112653 0
112653 0
112654 0
112654 0
112654 0
112654 0
112654 0
112654 0
112654 0
112654 0
112654 0
112654 0
112654 0
112654 0
112654 0
112654 0
112654 0
112654 0
112654 0
112654 0
112654 0
112654 0
112654 0
112654 0
112654 0
112654 0
112654 0
112654 0
112654 0
112655 0
112655 0
112655 0
112655 0
112655 0
112655 0
112655 0
112655 0
112655 0
112655 0
112655 0
112655 0
112655 0
112655 0
112655 0
112655 0
112655 0
112655 0
112655 0
112655 0
112655 0
112655 0
112655 0
112655 0
112655 0
112655 0
112655 0
112655 0
112655 0
112655 0
112655 0
112656 0
112656 0
112656 0
112656 0
112656 0
112656 0
112656 0
112656 0
112656 0
112656 0
112656 0
112656 0
112656 0
112656 0
112656 0
112656 0
112656 0
112656 0
112656 0
112656 0
112656 0
112656 0
112656 0
112656 0
112656 0
112656 0
112656 0
112656 0
112656 0
112656 0
112656 0
112656 0
112656 0
112657 0
112657 0
112657 0
112657 0
112657 0
112657 0
112657 0
112657 0
112657 0
112657 0
112657 0
112657 0
112657 0
112657 0
112657 0
112657 0
112657 0
112657 0
112657 0
112657 0
112657 0
112657 0
112657 0
112657 0
112657 0
112657 0
112657 0
112657 0
112657 0
112658 0
112658 0
112658 0
112658 0
112658 0
112658 0
112658 0
112658 0
112658 0
112658 0
112658 0
112658 0
112658 0
112658 0
112658 0
112658 0
112658 0
112658 0
112658 0
112658 0
112658 0
112658 0
112658 0
112658 0
112658 0
112658 0
112658 0
112658 0
112658 0
112658 0
112659 0
112659 0
112659 0
112659 0
112659 0
112659 0
112659 0
112659 0
112659 0
112659 0
112659 0
112659 0
112659 0
112659 0
112659 0
112659 0
112659 0
112659 0
112659 0
112659 0
112659 0
112659 0
112659 0
112659 0
112659 0
112659 0
112659 0
112659 0
112700 0
112700 0
112700 0
112700 0
112700 0
112700 0
112700 0
112700 0
112700 0
112700 0
112700 0
112700 0
112700 0
112700 0
112700 0
112700 0
112700 0
112700 0
112700 0
112700 0
112700 0
112700 0
112700 0
112700 0
112700 0
112700 0
112700 0
112700 0
112700 0
112700 0
112700 0
112700 0
112701 0
112701 0
112701 0
112701 0
112701 0
112701 0
112701 0
112701 0
112701 0
112701 0
112701 0
112701 0
112701 0
112701 0
112701 0
112701 0
112701 0
112701 0
112701 0
112701 0
112701 0
112701 0
112701 0
112701 0
112701 0
112701 0
112701 0
112701 0
112701 0
112701 0
112702 0
112702 0
112702 0
112702 0
112702 0
112702 0
112702 0
112702 0
112702 0
112702 0
112702 0
112702 0
112702 0
112702 0
112702 0
112702 0
112702 0
112702 0
112702 0
112702 0
112702 0
112702 0
112702 0
112702 0
112702 0
112702 0
112702 0
112702 0
112702 0
112703 0
112703 0
112703 0
112703 0
112703 0
112703 0
112703 0
112703 0
112703 0
112703 0
112703 0
112703 0
112703 0
112703 0
112703 0
112703 0
112703 0
112703 0
112703 0
112703 0
112703 0
112703 0
112703 0
112703 0
112703 0
112703 0
112703 0
112703 0
112703 0
112703 0
112704 0
112704 0
112704 0
112704 0
112704 0
112704 0
112704 0
112704 0
112704 0
112704 0
112704 0
112704 0
112704 0
112704 0
112704 0
112704 0
112704 0
112704 0
112704 0
112704 0
112704 0
112704 0
112704 0
112704 0
112704 0
112704 0
112704 0
112704 0
112705 0
112705 0
112705 0
112705 0
112705 0
112705 0
112705 0
112705 0
112705 0
112705 0
112705 0
112705 0
112705 0
112705 0
112705 0
112705 0
112705 0
112705 0
112705 0
112705 0
112705 0
112705 0
112705 0
112705 0
112705 0
112705 0
112705 0
112705 0
112705 0
112705 0
112706 0
112706 