112304 0
112304 0
112304 0
112305 0
112305 0
112305 0
112305 0
112305 0
112305 0
112305 0
112305 0
112305 0
112305 0
112305 0
112305 0
112305 0
112305 0
112305 0
112305 0
112305 0
112305 0
112305 0
112305 0
112305 0
112305 0
112305 0
112305 0
112305 0
112305 0
112306 0
112306 0
112306 0
112306 0
112306 0
112306 0
112306 0
112306 0
112306 0
112306 0
112306 0
112306 0
112306 0
112306 0
112306 0
112306 0
112306 0
112306 0
112306 0
112306 0
112306 0
112306 0
112306 0
112306 0
112306 0
112306 0
112306 0
112306 0
112306 0
112306 0
112306 0
112307 0
112307 0
112307 0
112307 0
112307 0
112307 0
112307 0
112307 0
112307 0
112307 0
112307 0
112307 0
112307 0
112307 0
112307 0
112307 0
112307 0
112307 0
112307 0
112307 0
112307 0
112307 0
112307 0
112307 0
112307 0
112307 0
112307 0
112307 0
112307 0
112308 0
112308 0
112308 0
112308 0
112308 0
112308 0
112308 0
112308 0
112308 0
112308 0
112308 0
112308 0
112308 0
112308 0
112308 0
112308 0
112308 0
112308 0
112308 0
112308 0
112308 0
112308 0
112308 0
112308 0
112308 0
112308 0
112308 0
112308 0
112308 0
112308 0
112308 0
112309 0
112309 0
112309 0
112309 0
112309 0
112309 0
112309 0
112309 0
112309 0
112309 0
112309 0
112309 0
112309 0
112309 0
112309 0
112309 0
112309 0
112309 0
112309 0
112309 0
112309 0
112309 0
112309 0
112309 0
112309 0
112309 0
112309 0
112309 0
112309 0
112309 0
112310 0
112310 0
112310 0
112310 0
112310 0
112310 0
112310 0
112310 0
112310 0
112310 0
112310 0
112310 0
112310 0
112310 0
112310 0
112310 0
112310 0
112310 0
112310 0
112310 0
112310 0
112310 0
112310 0
112310 0
112310 0
112310 0
112310 0
112310 0
112310 0
112310 0
112311 0
112311 0
112311 0
112311 0
112311 0
112311 0
112311 0
112311 0
112311 0
112311 0
112311 0
112311 0
112311 0
112311 0
112311 0
112311 0
112311 0
112311 0
112311 0
112311 0
112311 0
112311 0
112311 0
112311 0
112311 0
112311 0
112311 0
112311 0
112312 0
112312 0
112312 0
112312 0
112312 0
112312 0
112312 0
112312 0
112312 0
112312 0
112312 0
112312 0
112312 0
112312 0
112312 0
112312 0
112312 0
112312 0
112312 0
112312 0
112312 0
112312 0
112312 0
112312 0
112312 0
112312 0
112312 0
112312 0
112312 0
112312 0
112312 0
112313 0
112313 0
112313 0
112313 0
112313 0
112313 0
112313 0
112313 0
112313 0
112313 0
112313 0
112313 0
112313 0
112313 0
112313 0
112313 0
112313 0
112313 0
112313 0
112313 0
112313 0
112313 0
112313 0
112313 0
112313 0
112313 0
112313 0
112313 0
112313 0
112313 0
112313 0
112313 0
112313 0
112314 0
112314 0
112314 0
112314 0
112314 0
112314 0
112314 0
112314 0
112314 0
112314 0
112314 0
112314 0
112314 0
112314 0
112314 0
112314 0
112314 0
112314 0
112314 0
112314 0
112314 0
112314 0
112314 0
112314 0
112314 0
112314 0
112314 0
112314 0
112315 0
112315 0
112315 0
112315 0
112315 0
112315 0
112315 0
112315 0
112315 0
112315 0
112315 0
112315 0
112315 0
112315 0
112315 0
112315 0
112315 0
112315 0
112315 0
112315 0
112315 0
112315 0
112315 0
112315 0
112315 0
112315 0
112315 0
112315 0
112315 0
112315 0
112316 0
112316 0
112316 0
112316 0
112316 0
112316 0
112316 0
112316 0
112316 0
112316 0
112316 0
112316 0
112316 0
112316 0
112316 0
112316 0
112316 0
112316 0
112316 0
112316 0
112316 0
112316 0
112316 0
112316 0
112316 0
112316 0
112316 0
112316 0
112316 0
112316 0
112316 0
112316 0
112317 0
112317 0
112317 0
112317 0
112317 0
112317 0
112317 0
112317 0
112317 0
112317 0
112317 0
112317 0
112317 0
112317 0
112317 0
112317 0
112317 0
112317 0
112317 0
112317 0
112317 0
112317 0
112317 0
112317 0
112317 0
112317 0
112317 0
112317 0
112317 0
112317 0
112318 0
112318 0
112318 0
112318 0
112318 0
112318 0
112318 0
112318 0
112318 0
112318 0
112318 0
112318 0
112318 0
112318 0
112318 0
112318 0
112318 0
112318 0
112318 0
112318 0
112318 0
112318 0
112318 0
112318 0
112318 0
112318 0
112318 0
112318 0
112318 0
112319 0
112319 0
112319 0
112319 0
112319 0
112319 0
112319 0
112319 0
112319 0
112319 0
112319 0
112319 0
112319 0
112319 0
112319 0
112319 0
112319 0
112319 0
112319 0
112319 0
112319 0
112319 0
112319 0
112319 0
112319 0
112319 0
112319 0
112319 0
112319 0
112320 0
112320 0
112320 0
112320 0
112320 0
112320 0
112320 0
112320 0
112320 0
112320 0
112320 0
112320 0
112320 0
112320 0
112320 0
112320 0
112320 0
112320 0
112320 0
112320 0
112320 0
112320 0
112320 0
112320 0
112320 0
112320 0
112320 0
112320 0
112320 0
112320 0
112320 0
112320 0
112321 0
112321 0
112321 0
112321 0
112321 0
112321 0
112321 0
112321 0
112321 0
112321 0
112321 0
112321 0
112321 0
112321 0
112321 0
112321 0
112321 0
112321 0
112321 0
112321 0
112321 0
112321 0
112321 0
112321 0
112321 0
112321 0
112321 0
112321 0
112321 0
112322 0
112322 0
112322 0
112322 0
112322 0
112322 0
112322 0
112322 0
112322 0
112322 0
112322 0
112322 0
112322 0
112322 0
112322 0
112322 0
112322 0
112322 0
112322 0
112322 0
112322 0
112322 0
112322 0
112322 0
112322 0
112322 0
112322 0
112322 0
112322 0
112323 0
112323 0
112323 0
112323 0
112323 0
112323 0
112323 0
112323 0
112323 0
112323 0
112323 0
112323 0
112323 0
112323 0
112323 0
112323 0
112323 0
112323 0
112323 0
112323 0
112323 0
112323 0
112323 0
112323 0
112323 0
112323 0
112323 0
112323 0
112323 0
112323 0
112324 0
112324 0
112324 0
112324 0
112324 0
112324 0
112324 0
112324 0
112324 0
112324 0
112324 0
112324 0
112324 0
112324 0
112324 0
112324 0
112324 0
112324 0
112324 0
112324 0
112324 0
112324 0
112324 0
112324 0
112324 0
112324 0
112324 0
112324 0
112324 0
112324 0
112325 0
112325 0
112325 0
112325 0
112325 0
112325 0
112325 0
112325 0
112325 0
112325 0
112325 0
112325 0
112325 0
112325 0
112325 0
112325 0
112325 0
112325 0
112325 0
112325 0
112325 0
112325 0
112325 0
112325 0
112325 0
112325 0
112325 0
112325 0
112326 0
112326 0
112326 0
112326 0
112326 0
112326 0
112326 0
112326 0
112326 0
112326 0
112326 0
112326 0
112326 0
112326 0
112326 0
112326 0
112326 0
112326 0
112326 0
112326 0
112326 0
112326 0
112326 0
112326 0
112326 0
112326 0
112326 0
112326 0
112326 0
112326 0
112326 0
112327 0
112327 0
112327 0
112327 0
112327 0
112327 0
112327 0
112327 0
112327 0
112327 0
112327 0
112327 0
112327 0
112327 0
112327 0
112327 0
112327 0
112327 0
112327 0
112327 0
112327 0
112327 0
112327 0
112327 0
112327 0
112327 0
112327 0
112327 0
112327 0
112327 0
112327 0
112327 0
112327 0
112328 0
112328 0
112328 0
112328 0
112328 0
112328 0
112328 0
112328 0
112328 0
112328 0
112328 0
112328 0
112328 0
112328 0
112328 0
112328 0
112328 0
112328 0
112328 0
112328 0
112328 0
112328 0
112328 0
112328 0
112328 0
112328 0
112328 0
112328 0
112329 0
112329 0
112329 0
112329 0
112329 0
112329 0
112329 0
112329 0
112329 0
112329 0
112329 0
112329 0
112329 0
112329 0
112329 0
112329 0
112329 0
112329 0
112329 0
112329 0
112329 0
112329 0
112329 0
112329 0
112329 0
112329 0
112329 0
112329 0
112329 0
112330 0
112330 0
112330 0
112330 0
112330 0
112330 0
112330 0
112330 0
112330 0
112330 0
112330 0
112330 0
112330 0
112330 0
112330 0
112330 0
112330 0
112330 0
112330 0
112330 0
112330 0
112330 0
112330 0
112330 0
112330 0
112330 0
112330 0
112330 0
112330 0
112330 0
112330 0
112330 0
112330 0
112331 0
112331 0
112331 0
112331 0
112331 0
112331 0
112331 0
112331 0
112331 0
112331 0
112331 0
112331 0
112331 0
112331 0
112331 0
112331 0
112331 0
112331 0
112331 0
112331 0
112331 0
112331 0
112331 0
112331 0
112331 0
112331 0
112331 0
112331 0
112331 0
112332 0
112332 0
112332 0
112332 0
112332 0
112332 0
112332 0
112332 0
112332 0
112332 0
112332 0
112332 0
112332 0
112332 0
112332 0
112332 0
112332 0
112332 0
112332 0
112332 0
112332 0
112332 0
112332 0
112332 0
112332 0
112332 0
112332 0
112332 0
112332 0
112332 0
112333 0
112333 0
112333 0
112333 0
112333 0
112333 0
112333 0
112333 0
112333 0
112333 0
112333 0
112333 0
112333 0
112333 0
112333 0
112333 0
112333 0
112333 0
112333 0
112333 0
112333 0
112333 0
112333 0
112333 0
112333 0
112333 0
112333 0
112333 0
112333 0
112333 0
112334 0
112334 0
112334 0
112334 0
112334 0
112334 0
112334 0
112334 0
112334 0
112334 0
112334 0
112334 0
112334 0
112334 0
112334 0
112334 0
112334 0
112334 0
112334 0
112334 0
112334 0
112334 0
112334 0
112334 0
112334 0
112334 0
112334 0
112334 0
112334 0
112335 0
112335 0
112335 0
112335 0
112335 0
112335 0
112335 0
112335 0
112335 0
112335 0
112335 0
112335 0
112335 0
112335 0
112335 0
112335 0
112335 0
112335 0
112335 0
112335 0
112335 0
112335 0
112335 0
112335 0
112335 0
112335 0
112335 0
112335 0
112335 0
112335 0
112336 0
112336 0
112336 0
112336 0
112336 0
112336 0
112336 0
112336 0
112336 0
112336 0
112336 0
112336 0
112336 0
112336 0
112336 0
112336 0
112336 0
112336 0
112336 0
112336 0
112336 0
112336 0
112336 0
112336 0
112336 0
112336 0
112336 0
112336 0
112336 0
112336 0
112337 0
112337 0
112337 0
112337 0
112337 0
112337 0
112337 0
112337 0
112337 0
112337 0
112337 0
112337 0
112337 0
112337 0
112337 0
112337 0
112337 0
112337 0
112337 0
112337 0
112337 0
112337 0
112337 0
112337 0
112337 0
112337 0
112337 0
112337 0
112337 0
112337 0
112338 0
112338 0
112338 0
112338 0
112338 0
112338 0
112338 0
112338 0
112338 0
112338 0
112338 0
112338 0
112338 0
112338 0
112338 0
112338 0
112338 0
112338 0
112338 0
112338 0
112338 0
112338 0
112338 0
112338 0
112338 0
112338 0
112338 0
112338 0
112338 0
112338 0
112339 0
112339 0
112339 0
112339 0
112339 0
112339 0
112339 0
112339 0
112339 0
112339 0
112339 0
112339 0
112339 0
112339 0
112339 0
112339 0
112339 0
112339 0
112339 0
112339 0
112339 0
112339 0
112339 0
112339 0
112339 0
112339 0
112339 0
112339 0
112339 0
112339 0
112339 0
112340 0
112340 0
112340 0
112340 0
112340 0
112340 0
112340 0
112340 0
112340 0
112340 0
112340 0
112340 0
112340 0
112340 0
112340 0
112340 0
112340 0
112340 0
112340 0
112340 0
112340 0
112340 0
112340 0
112340 0
112340 0
112340 0
112340 0
112340 0
112341 0
112341 0
112341 0
112341 0
112341 0
112341 0
112341 0
112341 0
112341 0
112341 0
112341 0
112341 0
112341 0
112341 0
112341 0
112341 0
112341 0
112341 0
112341 0
112341 0
112341 0
112341 0
112341 0
112341 0
112341 0
112341 0
112341 0
112341 0
112341 0
112341 0
112341 0
112342 0
112342 0
112342 0
112342 0
112342 0
112342 0
112342 0
112342 0
112342 0
112342 0
112342 0
112342 0
112342 0
112342 0
112342 0
112342 0
112342 0
112342 0
112342 0
112342 0
112342 0
112342 0
112342 0
112342 0
112342 0
112342 0
112342 0
112342 0
112342 0
112342 0
112342 0
112342 0
112343 0
112343 0
112343 0
112343 0
112343 0
112343 0
112343 0
112343 0
112343 0
112343 0
112343 0
112343 0
112343 0
112343 0
112343 0
112343 0
112343 0
112343 0
112343 0
112343 0
112343 0
112343 0
112343 0
112343 0
112343 0
112343 0
112343 0
112343 0
112344 0
112344 0
112344 0
112344 0
112344 0
112344 0
112344 0
112344 0
112344 0
112344 0
112344 0
112344 0
112344 0
112344 0
112344 0
112344 0
112344 0
112344 0
112344 0
112344 0
112344 0
112344 0
112344 0
112344 0
112344 0
112344 0
112344 0
112344 0
112344 0
112345 0
112345 0
112345 0
112345 0
112345 0
112345 0
112345 0
112345 0
112345 0
112345 0
112345 0
112345 0
112345 0
112345 0
112345 0
112345 0
112345 0
112345 0
112345 0
112345 0
112345 0
112345 0
112345 0
112345 0
112345 0
112345 0
112345 0
112345 0
112345 0
112345 0
112346 0
112346 0
112346 0
112346 0
112346 0
112346 0
112346 0
112346 0
112346 0
112346 0
112346 0
112346 0
112346 0
112346 0
112346 0
112346 0
112346 0
112346 0
112346 0
112346 0
112346 0
112346 0
112346 0
112346 0
112346 0
112346 0
112346 0
112346 0
112346 0
112346 0
112346 0
112346 0
112347 0
112347 0
112347 0
112347 0
112347 0
112347 0
112347 0
112347 0
112347 0
112347 0
112347 0
112347 0
112347 0
112347 0
112347 0
112347 0
112347 0
112347 0
112347 0
112347 0
112347 0
112347 0
112347 0
112347 0
112347 0
112347 0
112347 0
112347 0
112347 0
112347 0
112348 0
112348 0
112348 0
112348 0
112348 0
112348 0
112348 0
112348 0
112348 0
112348 0
112348 0
112348 0
112348 0
112348 0
112348 0
112348 0
112348 0
112348 0
112348 0
112348 0
112348 0
112348 0
112348 0
112348 0
112348 0
112348 0
112348 0
112348 0
112349 0
112349 0
112349 0
112349 0
112349 0
112349 0
112349 0
112349 0
112349 0
112349 0
112349 0
112349 0
112349 0
112349 0
112349 0
112349 0
112349 0
112349 0
112349 0
112349 0
112349 0
112349 0
112349 0
112349 0
112349 0
112349 0
112349 0
112349 0
112349 0
112349 0
112349 0
112349 0
112349 0
112350 0
112350 0
112350 0
112350 0
112350 0
112350 0
112350 0
112350 0
112350 0
112350 0
112350 0
112350 0
112350 0
112350 0
112350 0
112350 0
112350 0
112350 0
112350 0
112350 0
112350 0
112350 0
112350 0
112350 0
112350 0
112350 0
112350 0
112350 0
112350 0
112351 0
112351 0
112351 0
112351 0
112351 0
112351 0
112351 0
112351 0
112351 0
112351 0
112351 0
112351 0
112351 0
112351 0
112351 0
112351 0
112351 0
112351 0
112351 0
112351 0
112351 0
112351 0
112351 0
112351 0
112351 0
112351 0
112351 0
112351 0
112351 0
112351 0
112352 0
112352 0
112352 0
112352 0
112352 0
112352 0
112352 0
112352 0
112352 0
112352 0
112352 0
112352 0
112352 0
112352 0
112352 0
112352 0
112352 0
112352 0
112352 0
112352 0
112352 0
112352 0
112352 0
112352 0
112352 0
112352 0
112352 0
112352 0
112352 0
112352 0
112353 0
112353 0
112353 0
112353 0
112353 0
112353 0
112353 0
112353 0
112353 0
112353 0
112353 0
112353 0
112353 0
112353 0
112353 0
112353 0
112353 0
112353 0
112353 0
112353 0
112353 0
112353 0
112353 0
112353 0
112353 0
112353 0
112353 0
112353 0
112354 0
112354 0
112354 0
112354 0
112354 0
112354 0
112354 0
112354 0
112354 0
112354 0
112354 0
112354 0
112354 0
112354 0
112354 0
112354 0
112354 0
112354 0
112354 0
112354 0
112354 0
112354 0
112354 0
112354 0
112354 0
112354 0
112354 0
112354 0
112354 0
112354 0
112354 0
112354 0
112355 0
112355 0
112355 0
112355 0
112355 0
112355 0
112355 0
112355 0
112355 0
112355 0
112355 0
112355 0
112355 0
112355 0
112355 0
112355 0
112355 0
112355 0
112355 0
112355 0
112355 0
112355 0
112355 0
112355 0
112355 0
112355 0
112355 0
112355 0
112355 0
112356 0
112356 0
112356 0
112356 0
112356 0
112356 0
112356 0
112356 0
112356 0
112356 0
112356 0
112356 0
112356 0
112356 0
112356 0
112356 0
112356 0
112356 0
112356 0
112356 0
112356 0
112356 0
112356 0
112356 0
112356 0
112356 0
112356 0
112356 0
112356 0
112356 0
112356 0
112356 0
112357 0
112357 0
112357 0
112357 0
112357 0
112357 0
112357 0
112357 0
112357 0
112357 0
112357 0
112357 0
112357 0
112357 0
112357 0
112357 0
112357 0
112357 0
112357 0
112357 0
112357 0
112357 0
112357 0
112357 0
112357 0
112357 0
112357 0
112357 0
112357 0
112358 0
112358 0
112358 0
112358 0
112358 0
112358 0
112358 0
112358 0
112358 0
112358 0
112358 0
112358 0
112358 0
112358 0
112358 0
112358 0
112358 0
112358 0
112358 0
112358 0
112358 0
112358 0
112358 0
112358 0
112358 0
112358 0
112358 0
112358 0
112358 0
112358 0
112359 0
112359 0
112359 0
112359 0
112359 0
112359 0
112359 0
112359 0
112359 0
112359 0
112359 0
112359 0
112359 0
112359 0
112359 0
112359 0
112359 0
112359 0
112359 0
112359 0
112359 0
112359 0
112359 0
112359 0
112359 0
112359 0
112359 0
112359 0
112359 0
112400 0
112400 0
112400 0
112400 0
112400 0
112400 0
112400 0
112400 0
112400 0
112400 0
112400 0
112400 0
112400 0
112400 0
112400 0
112400 0
112400 0
112400 0
112400 0
112400 0
112400 0
112400 0
112400 0
112400 0
112400 0
112400 0
112400 0
112400 0
112400 0
112400 0
112400 0
112400 0
112401 0
112401 0
112401 0
112401 0
112401 0
112401 0
112401 0
112401 0
112401 0
112401 0
112401 0
112401 0
112401 0
112401 0
112401 0
112401 0
112401 0
112401 0
112401 0
112401 0
112401 0
112401 0
112401 0
112401 0
112401 0
112401 0
112401 0
112401 0
112401 0
112401 0
112402 0
112402 0
112402 0
112402 0
112402 0
112402 0
112402 0
112402 0
112402 0
112402 0
112402 0
112402 0
112402 0
112402 0
112402 0
112402 0
112402 0
112402 0
112402 0
112402 0
112402 0
112402 0
112402 0
112402 0
112402 0
112402 0
112402 0
112402 0
112402 0
112403 0
112403 0
112403 0
112403 0
112403 0
112403 0
112403 0
112403 0
112403 0
112403 0
112403 0
112403 0
112403 0
112403 0
112403 0
112403 0
112403 0
112403 0
112403 0
112403 0
112403 0
112403 0
112403 0
112403 0
112403 0
112403 0
112403 0
112403 0
112403 0
112403 0
112403 0
112404 0
112404 0
112404 0
112404 0
112404 0
112404 0
112404 0
112404 0
112404 0
112404 0
112404 0
112404 0
112404 0
112404 0
112404 0
112404 0
112404 0
112404 0
112404 0
112404 0
112404 0
112404 0
112404 0
112404 0
112404 0
112404 0
112404 0
112404 0
112404 0
112404 0
112404 0
112405 0
112405 0
112405 0
112405 0
112405 0
112405 0
112405 0
112405 0
112405 0
112405 0
112405 0
112405 0
112405 0
112405 0
112405 0
112405 0
112405 0
112405 0
112405 0
112405 0
112405 0
112405 0
112405 0
112405 0
112405 0
112405 0
112405 0
112405 0
112405 0
112406 0
112406 0
112406 0
112406 0
112406 0
112406 0
112406 0
112406 0
112406 0
112406 0
112406 0
112406 0
112406 0
112406 0
112406 0
112406 0
112406 0
112406 0
112406 0
112406 0
112406 0
112406 0
112406 0
112406 0
112406 0
112406 0
112406 0
112406 0
112407 0
112407 0
112407 0
112407 0
112407 0
112407 0
112407 0
112407 0
112407 0
112407 0
112407 0
112407 0
112407 0
112407 0
112407 0
112407 0
112407 0
112407 0
112407 0
112407 0
112407 0
112407 0
112407 0
112407 0
112407 0
112407 0
112407 0
112407 0
112407 0
112407 0
112407 0
112407 0
112407 0
112408 0
112408 0
112408 0
112408 0
112408 0
112408 0
112408 0
112408 0
112408 0
112408 0
112408 0
112408 0
112408 0
112408 0
112408 0
112408 0
112408 0
112408 0
112408 0
112408 0
112408 0
112408 0
112408 0
112408 0
112408 0
112408 0
112408 0
112409 0
112409 0
112409 0
112409 0
112409 0
112409 0
112409 0
112409 0
112409 0
112409 0
112409 0
112409 0
112409 0
112409 0
112409 0
112409 0
112409 0
112409 0
112409 0
112409 0
112409 0
112409 0
112409 0
112409 0
112409 0
112409 0
112409 0
112409 0
112409 0
112409 0
112410 0
112410 0
112410 0
112410 0
112410 0
112410 0
112410 0
112410 0
112410 0
112410 0
112410 0
112410 0
112410 0
112410 0
112410 0
112410 0
112410 0
112410 0
112410 0
112410 0
112410 0
112410 0
112410 0
112410 0
112410 0
112410 0
112410 0
112410 0
112410 0
112410 0
112410 0
112410 0
112410 0
112411 0
112411 0
112411 0
112411 0
112411 0
112411 0
112411 0
112411 0
112411 0
112411 0
112411 0
112411 0
112411 0
112411 0
112411 0
112411 0
112411 0
112411 0
112411 0
112411 0
112411 0
112411 0
112411 0
112411 0
112411 0
112411 0
112411 0
112411 0
112411 0
112412 0
112412 0
112412 0
112412 0
112412 0
112412 0
112412 0
112412 0
112412 0
112412 0
112412 0
112412 0
112412 0
112412 0
112412 0
112412 0
112412 0
112412 0
112412 0
112412 0
112412 0
112412 0
112412 0
112412 0
112412 0
112412 0
112412 0
112412 0
112413 0
112413 0
112413 0
112413 0
112413 0
112413 0
112413 0
112413 0
112413 0
112413 0
112413 0
112413 0
112413 0
112413 0
112413 0
112413 0
112413 0
112413 0
112413 0
112413 0
112413 0
112413 0
112413 0
112413 0
112413 0
112413 0
112413 0
112413 0
112413 0
112414 0
112414 0
112414 0
112414 0
112414 0
112414 0
112414 0
112414 0
112414 0
112414 0
112414 0
112414 0
112414 0
112414 0
112414 0
112414 0
112414 0
112414 0
112414 0
112414 0
112414 0
112414 0
112414 0
112414 0
112414 0
112414 0
112414 0
112414 0
112414 0
112414 0
112415 0
112415 0
112415 0
112415 0
112415 0
112415 0
112415 0
112415 0
112415 0
112415 0
112415 0
112415 0
112415 0
112415 0
112415 0
112415 0
112415 0
112415 0
112415 0
112415 0
112415 0
112415 0
112415 0
112415 0
112415 0
112415 0
112415 0
112415 0
112415 0
112415 0
112415 0
112416 0
112416 0
112416 0
112416 0
112416 0
112416 0
112416 0
112416 0
112416 0
112416 0
112416 0
112416 0
112416 0
112416 0
112416 0
112416 0
112416 0
112416 0
112416 0
112416 0
112416 0
112416 0
112416 0
112416 0
112416 0
112416 0
112416 0
112416 0
112416 0
112416 0
112416 0
112417 0
112417 0
112417 0
112417 0
112417 0
112417 0
112417 0
112417 0
112417 0
112417 0
112417 0
112417 0
112417 0
112417 0
112417 0
112417 0
112417 0
112417 0
112417 0
112417 0
112417 0
112417 0
112417 0
112417 0
112417 0
112417 0
112417 0
112417 0
112418 0
112418 0
112418 0
112418 0
112418 0
112418 0
112418 0
112418 0
112418 0
112418 0
112418 0
112418 0
112418 0
112418 0
112418 0
112418 0
112418 0
112418 0
112418 0
112418 0
112418 0
112418 0
112418 0
112418 0
112418 0
112418 0
112418 0
112418 0
112418 0
112418 0
112418 0
112418 0
112418 0
112419 0
112419 0
112419 0
112419 0
112419 0
112419 0
112419 0
112419 0
112419 0
112419 0
112419 0
112419 0
112419 0
112419 0
112419 0
112419 0
112419 0
112419 0
112419 0
112419 0
112419 0
112419 0
112419 0
112419 0
112419 0
112419 0
112419 0
112419 0
112419 0
112420 0
112420 0
112420 0
112420 0
112420 0
112420 0
112420 0
112420 0
112420 0
112420 0
112420 0
112420 0
112420 0
112420 0
112420 0
112420 0
112420 0
112420 0
112420 0
112420 0
112420 0
112420 0
112420 0
112420 0
112420 0
112420 0
112420 0
112420 0
112420 0
112421 0
112421 0
112421 0
112421 0
112421 0
112421 0
112421 0
112421 0
112421 0
112421 0
112421 0
112421 0
112421 0
112421 0
112421 0
112421 0
112421 0
112421 0
112421 0
112421 0
112421 0
112421 0
112421 0
112421 0
112421 0
112421 0
112421 0
112421 0
112421 0
112421 0
112422 0
112422 0
112422 0
112422 0
112422 0
112422 0
112422 0
112422 0
112422 0
112422 0
112422 0
112422 0
112422 0
112422 0
112422 0
112422 0
112422 0
112422 0
112422 0
112422 0
112422 0
112422 0
112422 0
112422 0
112422 0
112422 0
112422 0
112422 0
112422 0
112422 0
112422 0
112422 0
112423 0
112423 0
112423 0
112423 0
112423 0
112423 0
112423 0
112423 0
112423 0
112423 0
112423 0
112423 0
112423 0
112423 0
112423 0
112423 0
112423 0
112423 0
112423 0
112423 0
112423 0
112423 0
112423 0
112423 0
112423 0
112423 0
112423 0
112423 0
112424 0
112424 0
112424 0
112424 0
112424 0
112424 0
112424 0
112424 0
112424 0
112424 0
112424 0
112424 0
112424 0
112424 0
112424 0
112424 0
112424 0
112424 0
112424 0
112424 0
112424 0
112424 0
112424 0
112424 0
112424 0
112424 0
112424 0
112424 0
112424 0
112425 0
112425 0
112425 0
112425 0
112425 0
112425 0
112425 0
112425 0
112425 0
112425 0
112425 0
112425 0
112425 0
112425 0
112425 0
112425 0
112425 0
112425 0
112425 0
112425 0
112425 0
112425 0
112425 0
112425 0
112425 0
112425 0
112425 0
112425 0
112425 0
112425 0
112425 0
112425 0
112425 0
112425 0
112426 0
112426 0
112426 0
112426 0
112426 0
112426 0
112426 0
112426 0
112426 0
112426 0
112426 0
112426 0
112426 0
112426 0
112426 0
112426 0
112426 0
112426 0
112426 0
112426 0
112426 0
112426 0
112426 0
112426 0
112426 0
112426 0
112427 0
112427 0
112427 0
112427 0
112427 0
112427 0
112427 0
112427 0
112427 0
112427 0
112427 0
112427 0
112427 0
112427 0
112427 0
112427 0
112427 0
112427 0
112427 0
112427 0
112427 0
112427 0
112427 0
112427 0
112427 0
112427 0
112427 0
112427 0
112427 0
112427 0
112427 0
112427 0
112427 0
112428 0
112428 0
112428 0
112428 0
112428 0
112428 0
112428 0
112428 0
112428 0
112428 0
112428 0
112428 0
112428 0
112428 0
112428 0
112428 0
112428 0
112428 0
112428 0
112428 0
112428 0
112428 0
112428 0
112428 0
112428 0
112428 0
112428 0
112428 0
112428 0
112428 0
112429 0
112429 0
112429 0
112429 0
112429 0
112429 0
112429 0
112429 0
112429 0
112429 0
112429 0
112429 0
112429 0
112429 0
112429 0
112429 0
112429 0
112429 0
112429 0
112429 0
112429 0
112429 0
112429 0
112429 0
112429 0
112429 0
112429 0
112429 0
112429 0
112429 0
112429 0
112430 0
112430 0
112430 0
112430 0
112430 0
112430 0
112430 0
112430 0
112430 0
112430 0
112430 0
112430 0
112430 0
112430 0
112430 0
112430 0
112430 0
112430 0
112430 0
112430 0
112430 0
112430 0
112430 0
112430 0
112430 0
112430 0
112430 0
112430 0
112430 0
112430 0
112431 0
112431 0
112431 0
112431 0
112431 0
112431 0
112431 0
112431 0
112431 0
112431 0
112431 0
112431 0
112431 0
112431 0
112431 0
112431 0
112431 0
112431 0
112431 0
112431 0
112431 0
112431 0
112431 0
112431 0
112431 0
112431 0
112431 0
112431 0
112431 0
112432 0
112432 0
112432 0
112432 0
112432 0
112432 0
112432 0
112432 0
112432 0
112432 0
112432 0
112432 0
112432 0
112432 0
112432 0
112432 0
112432 0
112432 0
112432 0
112432 0
112432 0
112432 0
112432 0
112432 0
112432 0
112432 0
112432 0
112432 0
112433 0
112433 0
112433 0
112433 0
112433 0
112433 0
112433 0
112433 0
112433 0
112433 0
112433 0
112433 0
112433 0
112433 0
112433 0
112433 0
112433 0
112433 0
112433 0
112433 0
112433 0
112433 0
112433 0
112433 0
112433 0
112433 0
112433 0
112433 0
112433 0
112433 0
112433 0
112433 0
112433 0
112434 0
112434 0
112434 0
112434 0
112434 0
112434 0
112434 0
112434 0
112434 0
112434 0
112434 0
112434 0
112434 0
112434 0
112434 0
112434 0
112434 0
112434 0
112434 0
112434 0
112434 0
112434 0
112434 0
112434 0
112434 0
112434 0
112434 0
112434 0
112434 0
112435 0
112435 0
112435 0
112435 0
112435 0
112435 0
112435 0
112435 0
112435 0
112435 0
112435 0
112435 0
112435 0
112435 0
112435 0
112435 0
112435 0
112435 0
112435 0
112435 0
112435 0
112435 0
112435 0
112435 0
112435 0
112435 0
112435 0
112435 0
112435 0
112436 0
112436 0
112436 0
112436 0
112436 0
112436 0
112436 0
112436 0
112436 0
112436 0
112436 0
112436 0
112436 0
112436 0
112436 0
112436 0
112436 0
112436 0
112436 0
112436 0
112436 0
112436 0
112436 0
112436 0
112436 0
112436 0
112436 0
112436 0
112436 0
112436 0
112436 0
112437 0
112437 0
112437 0
112437 0
112437 0
112437 0
112437 0
112437 0
112437 0
112437 0
112437 0
112437 0
112437 0
112437 0
112437 0
112437 0
112437 0
112437 0
112437 0
112437 0
112437 0
112437 0
112437 0
112437 0
112437 0
112437 0
112437 0
112437 0
112437 0
112437 0
112438 0
112438 0
112438 0
112438 0
112438 0
112438 0
112438 0
112438 0
112438 0
112438 0
112438 0
112438 0
112438 0
112438 0
112438 0
112438 0
112438 0
112438 0
112438 0
112438 0
112438 0
112438 0
112438 0
112438 0
112438 0
112438 0
112438 0
112439 0
112439 0
112439 0
112439 0
112439 0
112439 0
112439 0
112439 0
112439 0
112439 0
112439 0
112439 0
112439 0
112439 0
112439 0
112439 0
112439 0
112439 0
112439 0
112439 0
112439 0
112439 0
112439 0
112439 0
112439 0
112439 0
112439 0
112439 0
112439 0
112439 0
112439 0
112440 0
112440 0
112440 0
112440 0
112440 0
112440 0
112440 0
112440 0
112440 0
112440 0
112440 0
112440 0
112440 0
112440 0
112440 0
112440 0
112440 0
112440 0
112440 0
112440 0
112440 0
112440 0
112440 0
112440 0
112440 0
112440 0
112440 0
112440 0
112440 0
112441 0
112441 0
112441 0
112441 0
112441 0
112441 0
112441 0
112441 0
112441 0
112441 0
112441 0
112441 0
112441 0
112441 0
112441 0
112441 0
112441 0
112441 0
112441 0
112441 0
112441 0
112441 0
112441 0
112441 0
112441 0
112441 0
112441 0
112441 0
112441 0
112441 0
112441 0
112441 0
112441 0
112442 0
112442 0
112442 0
112442 0
112442 0
112442 0
112442 0
112442 0
112442 0
112442 0
112442 0
112442 0
112442 0
112442 0
112442 0
112442 0
112442 0
112442 0
112442 0
112442 0
112442 0
112442 0
112442 0
112442 0
112442 0
112442 0
112442 0
112442 0
112442 0
112442 0
112443 0
112443 0
112443 0
112443 0
112443 1 32 270 925 956
112443 1 32 270 925 956
112443 1 32 270 925 956
112443 1 32 270 925 956
112443 1 32 270 925 939
112443 1 32 270 925 939
112443 1 32 270 925 939
112443 1 32 270 925 939
112443 1 32 270 925 939
112443 1 32 270 925 928
112443 1 32 270 925 928
112443 1 32 270 925 928
112443 1 32 270 925 928
112443 1 32 270 924 916
112443 1 32 270 924 916
112443 1 32 270 924 916
112443 1 32 270 924 916
112443 1 32 270 924 916
112443 1 32 270 924 899
112443 1 32 270 924 899
112443 1 32 270 924 899
112443 1 32 270 924 899
112443 1 32 270 924 888
112443 1 32 270 924 888
112443 1 32 270 924 888
112444 1 32 270 924 877
112444 1 32 270 924 877
112444 1 32 270 924 877
112444 1 32 270 924 877
112444 1 32 270 924 877
112444 1 32 270 924 866
112444 1 32 270 924 866
112444 1 32 270 924 866
112444 1 32 270 924 866
112444 1 32 270 924 866
112444 1 32 270 925 849
112444 1 32 270 925 849
112444 1 32 270 925 849
112444 1 32 270 925 849
112444 1 32 270 925 849
112444 1 32 270 924 838
112444 1 32 270 924 838
112444 1 32 270 924 838
112444 1 32 270 924 838
112444 1 32 270 925 821
112444 1 32 270 925 821
112444 1 32 270 925 821
112444 1 32 270 925 821
112444 1 32 270 925 812
112444 1 32 270 925 812
112444 1 32 270 925 812
112444 1 32 270 925 812
112444 1 32 270 925 812
112445 1 32 270 925 795
112445 1 32 270 925 795
112445 1 32 270 925 795
112445 1 32 270 925 795
112445 1 32 270 926 784
112445 1 32 270 926 784
112445 1 32 270 926 784
112445 1 32 270 926 784
112445 1 32 270 926 776
112445 1 32 270 926 776
112445 1 32 270 926 776
112445 1 32 270 926 776
112445 1 32 277 925 760
112445 1 32 277 925 760
112445 1 32 277 925 760
112445 1 32 277 925 760
112445 1 32 278 925 749
112445 1 32 278 925 749
112445 1 32 278 925 749
112445 1 32 278 925 749
112445 1 32 278 925 749
112445 1 9 0 923 739
112445 1 9 0 923 739
112445 1 9 0 923 739
112445 1 9 0 923 739
112445 1 9 0 923 739
112445 1 32 279 922 724
112445 1 32 279 922 724
112445 1 32 279 922 724
112445 1 32 279 922 724
112446 1 32 279 920 714
112446 1 32 279 920 714
112446 1 32 279 920 714
112446 1 32 279 920 714
112446 1 32 279 918 703
112446 1 32 279 918 703
112446 1 32 279 918 703
112446 1 32 279 918 703
112446 1 32 281 917 693
112446 1 32 281 917 693
112446 1 32 281 917 693
112446 1 32 281 917 693
112446 1 32 281 917 693
112446 1 32 270 916 678
112446 1 32 270 916 678
112446 1 32 270 916 678
112446 1 32 270 916 678
112446 1 32 270 915 667
112446 1 32 270 915 667
112446 1 32 270 915 667
112446 1 32 270 915 667
112446 1 32 270 916 652
112446 1 32 270 916 652
112446 1 32 270 916 652
112446 1 32 270 916 652
112446 1 32 270 917 641
112446 1 32 270 917 641
112446 1 32 270 917 641
112446 1 32 270 917 641
112446 1 32 270 917 630
112446 1 32 270 917 630
112446 1 32 270 917 630
112446 1 32 270 917 630
112446 1 32 270 917 630
112447 1 32 270 917 620
112447 1 32 270 917 620
112447 1 32 270 917 620
112447 1 32 270 917 620
112447 1 32 270 917 604
112447 1 32 270 917 604
112447 1 32 270 917 604
112447 1 32 270 917 604
112447 1 32 270 917 604
112447 1 32 270 918 593
112447 1 32 270 918 593
112447 1 32 270 918 593
112447 1 32 270 918 593
112447 1 32 270 918 593
112447 1 32 270 918 578
112447 1 32 270 918 578
112447 1 32 270 918 578
112447 1 32 270 918 578
112447 1 32 270 918 562
112447 1 32 270 918 562
112447 1 32 270 918 562
112447 1 32 270 918 562
112447 1 32 270 918 562
112447 1 32 270 918 552
112447 1 32 270 918 552
112447 1 32 270 918 552
112447 1 32 270 918 552
112448 1 32 270 918 535
112448 1 32 270 918 535
112448 1 32 270 918 535
112448 1 32 270 918 535
112448 1 32 270 918 535
112448 1 32 270 918 525
112448 1 32 270 918 525
112448 1 32 270 918 525
112448 1 32 270 918 525
112448 1 32 270 918 525
112448 1 32 270 917 510
112448 1 32 270 917 510
112448 1 32 270 917 510
112448 1 32 270 917 510
112448 1 32 270 917 501
112448 1 32 270 917 501
112448 1 32 270 917 501
112448 1 32 270 917 501
112448 1 32 270 917 501
112448 1 32 270 915 488
112448 1 32 270 915 488
112448 1 32 270 915 488
112448 1 32 270 915 488
112448 1 32 270 915 488
112448 1 32 270 915 479
112448 1 32 270 915 479
112448 1 32 270 915 479
112448 1 32 270 915 479
112448 1 32 270 915 466
112448 1 32 270 915 466
112448 1 32 270 915 466
112448 1 32 270 915 466
112448 1 32 270 915 466
112449 1 32 270 914 457
112449 1 32 270 914 457
112449 1 32 270 914 457
112449 1 32 270 914 457
112449 1 32 270 914 457
112449 1 32 270 914 444
112449 1 32 270 914 444
112449 1 32 270 914 444
112449 1 32 270 914 444
112449 1 32 270 914 435
112449 1 32 270 914 435
112449 1 32 270 914 435
112449 1 32 270 914 435
112449 1 32 270 914 435
112449 1 32 270 914 422
112449 1 32 270 914 422
112449 1 32 270 914 422
112449 1 32 270 914 422
112449 1 32 270 914 422
112449 1 32 270 913 409
112449 1 32 270 913 409
112449 1 32 270 913 409
112449 1 32 270 913 400
112449 1 32 270 913 400
112449 1 32 270 913 400
112449 1 32 270 913 400
112449 1 32 270 913 400
112450 1 32 270 913 391
112450 1 32 270 913 391
112450 1 32 270 913 391
112450 1 32 270 913 391
112450 1 32 270 913 382
112450 1 32 270 913 382
112450 1 32 270 913 382
112450 1 32 270 913 382
112450 1 32 270 913 382
112450 1 32 270 913 382
112450 1 32 270 913 369
112450 1 32 270 913 369
112450 1 32 270 913 369
112450 1 32 270 913 369
112450 1 32 270 913 356
112450 1 32 270 913 356
112450 1 32 270 913 356
112450 1 32 270 913 356
112450 1 32 270 913 356
112450 1 32 270 913 345
112450 1 32 270 913 345
112450 1 32 270 913 345
112450 1 32 270 913 345
112450 1 32 270 913 345
112450 1 32 270 913 329
112450 1 32 270 913 329
112450 1 32 270 913 329
112450 1 32 270 914 313
112450 1 32 270 914 313
112450 1 32 270 914 313
112450 1 32 270 914 313
112450 1 32 270 914 313
112451 1 32 270 912 302
112451 1 32 270 912 302
112451 1 32 270 912 302
112451 1 32 270 912 302
112451 1 32 270 912 302
112451 1 32 270 912 298
112451 1 32 270 912 298
112451 1 32 270 912 298
112451 0
112451 0
112451 0
112451 0
112451 0
112451 0
112451 1 32 270 912 298
112451 1 32 270 912 298
112451 1 32 270 912 298
112451 1 32 270 912 298
112451 1 32 270 912 299
112451 1 32 270 912 299
112451 1 32 270 912 299
112451 1 32 270 912 299
112451 1 4 -431602080 912 299
112451 1 4 -431602080 912 299
112451 1 4 -431602080 912 299
112451 1 4 -431602080 912 299
112451 0
112451 0
112451 0
112451 0
112451 0
112452 1 32 255 912 300
112452 1 32 255 912 300
112452 1 32 255 912 300
112452 1 32 255 912 300
112452 1 4 -431602080 912 299
112452 1 4 -431602080 912 299
112452 1 4 -431602080 912 299
112452 1 4 -431602080 912 299
112452 1 32 270 912 299
112452 1 32 270 912 299
112452 1 32 270 912 299
112452 1 32 270 912 299
112452 1 32 270 912 299
112452 1 32 270 912 299
112452 1 32 270 912 299
112452 1 32 270 912 299
112452 1 32 270 912 299
112452 1 32 270 912 299
112452 1 32 270 912 299
112452 1 32 270 912 299
112452 1 32 270 912 299
112452 1 32 270 912 299
112452 1 32 270 912 299
112452 1 32 270 912 299
112452 1 32 270 912 299
112452 1 32 270 912 299
112452 1 32 270 912 299
112452 1 32 270 912 299
112452 1 32 270 912 299
112453 1 32 270 912 298
112453 1 32 270 912 298
112453 1 32 270 912 298
112453 1 32 270 912 298
112453 1 32 270 912 298
112453 1 32 278 911 297
112453 1 32 278 911 297
112453 1 32 278 911 297
112453 1 32 278 911 297
112453 0
112453 0
112453 0
112453 0
112453 0
112453 0
112453 0
112453 0
112453 0
112453 0
112453 0
112453 0
112453 1 32 308 909 295
112453 1 32 308 909 295
112453 1 32 308 909 295
112453 1 32 308 909 295
112453 1 32 308 909 295
112453 0
112453 0
112453 0
112453 0
112454 1 32 296 904 287
112454 1 32 296 904 287
112454 1 32 296 904 287
112454 1 32 296 904 287
112454 1 32 296 904 287
112454 0
112454 0
112454 0
112454 0
112454 1 1 135 901 280
112454 1 1 135 901 280
112454 1 1 135 901 280
112454 1 1 135 901 280
112454 1 1 135 901 280
112454 1 32 296 899 280
112454 1 32 296 899 280
112454 1 32 296 899 280
112454 1 32 296 899 280
112454 1 32 296 899 280
112454 1 32 303 897 280
112454 1 32 303 897 280
112454 1 32 303 897 280
112454 1 32 303 897 280
112454 1 32 315 892 282
112454 1 32 315 892 282
112454 1 32 315 892 282
112454 1 32 315 892 282
112455 1 32 321 889 284
112455 1 32 321 889 284
112455 1 32 321 889 284
112455 1 32 321 889 284
112455 1 32 330 885 285
112455 1 32 330 885 285
112455 1 32 330 885 285
112455 1 32 330 885 285
112455 1 32 330 885 285
112455 1 32 338 881 288
112455 1 32 338 881 288
112455 1 32 338 881 288
112455 1 32 338 881 288
112455 1 32 338 881 288
112455 1 32 350 879 288
112455 1 32 350 879 288
112455 1 32 350 879 288
112455 1 32 350 879 288
112455 1 32 9 877 289
112455 1 32 9 877 289
112455 1 32 9 877 289
112455 1 32 9 877 289
112455 1 32 15 878 289
112455 1 32 15 878 289
112455 1 32 15 878 289
112455 1 32 15 878 289
112455 1 32 26 877 290
112455 1 32 26 877 290
112455 1 32 26 877 290
112455 1 32 26 877 290
112456 1 32 26 876 291
112456 1 32 26 876 291
112456 1 32 26 876 291
112456 1 32 26 876 291
112456 1 32 18 872 291
112456 1 32 18 872 291
112456 1 32 18 872 291
112456 1 32 18 872 291
112456 0
112456 0
112456 0
112456 0
112456 0
112456 1 32 7 859 294
112456 1 32 7 859 294
112456 1 32 7 859 294
112456 1 32 7 859 294
112456 1 32 0 853 294
112456 1 32 0 853 294
112456 1 32 0 853 294
112456 1 32 0 853 294
112456 1 32 353 843 293
112456 1 32 353 843 293
112456 1 32 353 843 293
112456 1 32 353 843 293
112456 1 32 353 843 293
112456 1 0 352 841 292
112456 1 0 352 841 292
112456 1 0 352 841 292
112457 1 0 352 841 292
112457 1 0 352 841 292
112457 1 0 352 841 292
112457 1 0 352 841 292
112457 1 0 352 841 292
112457 1 0 352 841 292
112457 1 0 352 841 292
112457 1 0 352 841 292
112457 1 32 352 841 292
112457 1 32 352 841 292
112457 1 32 352 841 292
112457 1 32 352 841 292
112457 1 32 352 841 292
112457 1 32 352 841 292
112457 1 32 0 841 293
112457 1 32 0 841 293
112457 1 32 0 841 293
112457 1 32 0 840 293
112457 1 32 0 840 293
112457 1 32 0 840 293
112457 1 32 0 840 293
112457 1 32 14 839 294
112457 1 32 14 839 294
112457 1 32 14 839 294
112457 1 32 14 839 294
112457 1 32 14 839 294
112457 1 32 32 839 295
112457 1 32 32 839 295
112457 1 32 32 839 295
112457 1 32 32 839 295
112457 1 32 45 841 296
112457 1 32 45 841 296
112457 1 32 45 841 296
112457 1 32 45 841 296
112457 1 32 45 841 296
112458 1 32 53 841 296
112458 1 32 53 841 296
112458 1 32 53 841 296
112458 1 32 74 841 296
112458 1 32 74 841 296
112458 1 32 74 841 296
112458 1 32 74 841 296
112458 1 32 74 841 296
112458 1 32 90 842 296
112458 1 32 90 842 296
112458 1 32 90 842 296
112458 1 32 90 842 296
112458 1 32 90 842 296
112458 1 32 90 842 296
112458 1 32 90 842 296
112458 1 32 90 842 296
112458 1 32 90 842 295
112458 1 32 90 842 295
112458 1 32 90 842 295
112458 1 32 90 842 295
112458 1 32 90 842 295
112458 1 32 90 843 296
112458 1 32 90 843 296
112458 1 32 90 843 296
112458 1 32 90 843 296
112459 1 32 90 843 300
112459 1 32 90 843 300
112459 1 32 90 843 300
112459 1 32 90 843 300
112459 1 32 90 843 300
112459 1 32 90 844 308
112459 1 32 90 844 308
112459 1 32 90 844 308
112459 1 32 90 844 308
112459 1 32 90 844 314
112459 1 32 90 844 314
112459 1 32 90 844 314
112459 1 32 90 844 314
112459 1 32 90 845 323
112459 1 32 90 845 323
112459 1 32 90 845 323
112459 1 32 90 845 323
112459 1 32 90 846 342
112459 1 32 90 846 342
112459 1 32 90 846 342
112459 1 32 90 846 342
112459 1 32 90 847 352
112459 1 32 90 847 352
112459 1 32 90 847 352
112459 1 32 90 847 352
112459 1 32 90 846 362
112459 1 32 90 846 362
112459 1 32 90 846 362
112459 1 32 90 846 362
112459 1 32 90 848 373
112459 1 32 90 848 373
112459 1 32 90 848 373
112459 1 32 90 848 373
112500 1 32 90 848 383
112500 1 32 90 848 383
112500 1 32 90 848 383
112500 1 32 90 848 383
112500 1 32 90 848 383
112500 1 32 90 849 395
112500 1 32 90 849 395
112500 1 32 90 849 395
112500 1 32 90 849 395
112500 1 32 90 850 413
112500 1 32 90 850 413
112500 1 32 90 850 413
112500 1 32 90 850 413
112500 1 32 96 851 430
112500 1 32 96 851 430
112500 1 32 96 851 430
112500 1 32 96 851 430
112500 1 32 90 852 441
112500 1 32 90 852 441
112500 1 32 90 852 441
112500 1 32 90 852 441
112500 1 32 90 852 441
112500 1 32 95 853 452
112500 1 32 95 853 452
112500 1 32 95 853 452
112500 1 32 95 853 452
112500 1 32 95 853 452
112500 1 32 90 854 463
112500 1 32 90 854 463
112500 1 32 90 854 463
112500 1 32 90 854 463
112501 1 32 90 855 477
112501 1 32 90 855 477
112501 1 32 90 855 477
112501 1 32 90 855 477
112501 1 32 90 855 487
112501 1 32 90 855 487
112501 1 32 90 855 487
112501 1 32 90 855 487
112501 1 32 90 855 487
112501 1 32 90 856 499
112501 1 32 90 856 499
112501 1 32 90 856 499
112501 1 32 90 856 499
112501 1 32 90 857 515
112501 1 32 90 857 515
112501 1 32 90 857 515
112501 1 32 90 857 515
112501 1 32 90 858 526
112501 1 32 90 858 526
112501 1 32 90 858 526
112501 1 32 90 858 526
112501 1 32 90 858 536
112501 1 32 90 858 536
112501 1 32 90 858 536
112501 1 32 90 858 536
112501 1 32 90 858 536
112501 1 32 90 859 552
112501 1 32 90 859 552
112501 1 32 90 859 552
112501 1 32 90 859 552
112502 1 32 90 860 563
112502 1 32 90 860 563
112502 1 32 90 860 563
112502 1 32 90 860 563
112502 1 32 90 860 574
112502 1 32 90 860 574
112502 1 32 90 860 574
112502 1 32 90 860 574
112502 1 32 90 860 574
112502 1 32 90 860 589
112502 1 32 90 860 589
112502 1 32 90 860 589
112502 1 32 90 860 589
112502 1 32 90 860 600
112502 1 32 90 860 600
112502 1 32 90 860 600
112502 1 32 90 860 600
112502 1 32 90 860 600
112502 1 32 84 859 616
112502 1 32 84 859 616
112502 1 32 84 859 616
112502 1 32 84 859 616
112502 1 32 90 858 627
112502 1 32 90 858 627
112502 1 32 90 858 627
112502 1 32 90 858 627
112502 1 32 85 858 638
112502 1 32 85 858 638
112502 1 32 85 858 638
112502 1 32 85 858 638
112503 1 32 90 858 650
112503 1 32 90 858 650
112503 1 32 90 858 650
112503 1 32 90 858 650
112503 1 32 90 858 666
112503 1 32 90 858 666
112503 1 32 90 858 666
112503 1 32 90 858 666
112503 1 32 85 858 677
112503 1 32 85 858 677
112503 1 32 85 858 677
112503 1 32 85 858 677
112503 1 32 85 858 688
112503 1 32 85 858 688
112503 1 32 85 858 688
112503 1 32 85 858 688
112503 1 32 90 859 699
112503 1 32 90 859 699
112503 1 32 90 859 699
112503 1 32 90 859 699
112503 1 32 90 859 710
112503 1 32 90 859 710
112503 1 32 90 859 710
112503 1 32 90 859 710
112503 1 32 90 859 710
112503 1 32 90 860 727
112503 1 32 90 860 727
112503 1 32 90 860 727
112503 1 32 90 860 727
112504 1 32 90 860 738
112504 1 32 90 860 738
112504 1 32 90 860 738
112504 1 32 90 860 738
112504 1 32 90 860 748
112504 1 32 90 860 748
112504 1 32 90 860 748
112504 1 32 90 860 748
112504 1 32 90 860 748
112504 1 32 90 861 759
112504 1 32 90 861 759
112504 1 32 90 861 759
112504 1 32 90 860 775
112504 1 32 90 860 775
112504 1 32 90 860 775
112504 1 32 90 860 775
112504 1 32 90 860 775
112504 1 32 90 862 785
112504 1 32 90 862 785
112504 1 32 90 862 785
112504 1 32 90 862 785
112504 1 32 90 862 785
112504 1 32 90 862 797
112504 1 32 90 862 797
112504 1 32 90 862 797
112504 1 32 90 862 797
112504 1 32 90 862 813
112504 1 32 90 862 813
112504 1 32 90 862 813
112504 1 32 90 862 813
112505 1 32 90 861 824
112505 1 32 90 861 824
112505 1 32 90 861 824
112505 1 32 90 861 824
112505 1 32 90 861 840
112505 1 32 90 861 840
112505 1 32 90 861 840
112505 1 32 90 861 840
112505 1 32 90 861 840
112505 1 32 90 860 852
112505 1 32 90 860 852
112505 1 32 90 860 852
112505 1 32 90 860 852
112505 1 32 82 859 863
112505 1 32 82 859 863
112505 1 32 82 859 863
112505 1 32 82 859 863
112505 1 32 78 858 873
112505 1 32 78 858 873
112505 1 32 78 858 873
112505 1 32 78 858 873
112505 1 32 78 855 890
112505 1 32 78 855 890
112505 1 32 78 855 890
112505 1 32 78 855 890
112505 1 32 78 855 890
112505 1 32 78 852 899
112505 1 32 78 852 899
112505 1 32 78 852 899
112505 1 32 78 852 899
112506 1 32 80 850 910
112506 1 32 80 850 910
112506 1 32 80 850 910
112506 1 32 80 850 910
112506 1 32 80 850 910
112506 1 32 90 848 927
112506 1 32 90 848 927
112506 1 32 90 848 927
112506 1 32 90 848 927
112506 0
112506 0
112506 0
112506 0
112506 1 32 90 846 950
112506 1 32 90 846 950
112506 1 32 90 846 950
112506 1 32 90 846 950
112506 1 32 90 845 966
112506 1 32 90 845 966
112506 1 32 90 845 966
112506 1 32 90 845 966
112506 0
112506 0
112506 0
112506 0
112506 0
112506 0
112506 0
112506 0
112506 0
112507 0
112507 0
112507 0
112507 0
112507 0
112507 0
112507 0
112507 0
112507 0
112507 0
112507 0
112507 0
112507 0
112507 0
112507 0
112507 0
112507 0
112507 0
112507 0
112507 0
112507 0
112507 0
112507 0
112507 0
112507 0
112507 0
112507 0
112507 0
112507 0
112508 0
112508 0
112508 0
112508 0
112508 0
112508 0
112508 0
112508 0
112508 0
112508 0
112508 0
112508 0
112508 0
112508 0
112508 0
112508 0
112508 0
112508 0
112508 0
112508 0
112508 0
112508 0
112508 0
112508 0
112508 0
112508 0
112508 0
112508 0
112508 0
112508 0
112508 0
112509 0
112509 0
112509 0
112509 0
112509 0
112509 0
112509 0
112509 0
112509 0
112509 0
112509 0
112509 0
112509 0
112509 0
112509 0
112509 0
112509 0
112509 0
112509 0
112509 0
112509 0
112509 0
112509 0
112509 0
112509 0
112509 0
112509 0
112509 0
112509 0
112509 0
112510 0
112510 0
112510 0
112510 0
112510 0
112510 0
112510 0
112510 0
112510 0
112510 0
112510 0
112510 0
112510 0
112510 0
112510 0
112510 0
112510 0
112510 0
112510 0
112510 0
112510 0
112510 0
112510 0
112510 0
112510 0
112510 0
112510 0
112510 0
112510 0
112510 0
112510 0
112511 0
112511 0
112511 0
112511 0
112511 0
112511 0
112511 0
112511 0
112511 0
112511 0
112511 0
112511 0
112511 0
112511 0
112511 0
112511 0
112511 0
112511 0
112511 0
112511 0
112511 0
112511 0
112511 0
112511 0
112511 0
112511 0
112511 0
112511 0
112511 0
112512 0
112512 0
112512 0
112512 0
112512 0
112512 0
112512 0
112512 0
112512 0
112512 0
112512 0
112512 0
112512 0
112512 0
112512 0
112512 0
112512 0
112512 0
112512 0
112512 0
112512 0
112512 0
112512 0
112512 0
112512 0
112512 0
112512 0
112512 0
112512 0
112512 0
112512 0
112512 0
112513 0
112513 0
112513 0
112513 0
112513 0
112513 0
112513 0
112513 0
112513 0
112513 0
112513 0
112513 0
112513 0
112513 0
112513 0
112513 0
112513 0
112513 0
112513 0
112513 0
112513 0
112513 0
112513 0
112513 0
112513 0
112513 0
112513 0
112513 0
112514 0
112514 0
112514 0
112514 0
112514 0
112514 0
112514 0
112514 0
112514 0
112514 0
112514 0
112514 0
112514 0
112514 0
112514 0
112514 0
112514 0
112514 0
112514 0
112514 0
112514 0
112514 0
112514 0
112514 0
112514 0
112514 0
112514 0
112514 0
112514 0
112514 0
112514 0
112515 0
112515 0
112515 0
112515 0
112515 0
112515 0
112515 0
112515 0
112515 0
112515 0
112515 0
112515 0
112515 0
112515 0
112515 0
112515 0
112515 0
112515 0
112515 0
112515 0
112515 0
112515 0
112515 0
112515 0
112515 0
112515 0
112515 0
112515 0
112515 0
112515 0
112516 0
112516 0
112516 0
112516 0
112516 0
112516 0
112516 0
112516 0
112516 0
112516 0
112516 0
112516 0
112516 0
112516 0
112516 0
112516 0
112516 0
112516 0
112516 0
112516 0
112516 0
112516 0
112516 0
112516 0
112516 0
112516 0
112516 0
112516 0
112516 0
112516 0
112517 0
112517 0
112517 0
112517 0
112517 0
112517 0
112517 0
112517 0
112517 0
112517 0
112517 0
112517 0
112517 0
112517 0
112517 0
112517 0
112517 0
112517 0
112517 0
112517 0
112517 0
112517 0
112517 0
112517 0
112517 0
112517 0
112517 0
112518 0
112518 0
112518 0
112518 0
112518 0
112518 0
112518 0
112518 0
112518 0
112518 0
112518 0
112518 0
112518 0
112518 0
112518 0
112518 0
112518 0
112518 0
112518 0
112518 0
112518 0
112518 0
112518 0
112518 0
112518 0
112518 0
112518 0
112518 0
112518 0
112518 0
112519 0
112519 0
112519 0
112519 0
112519 0
112519 0
112519 0
112519 0
112519 0
112519 0
112519 0
112519 0
112519 0
112519 0
112519 0
112519 0
112519 0
112519 0
112519 0
112519 0
112519 0
112519 0
112519 0
112519 0
112519 0
112519 0
112519 0
112519 0
112519 0
112519 0
112519 0
112520 0
112520 0
112520 0
112520 0
112520 0
112520 0
112520 0
112520 0
112520 0
112520 0
112520 0
112520 0
112520 0
112520 0
112520 0
112520 0
112520 0
112520 0
112520 0
112520 0
112520 0
112520 0
112520 0
112520 0
112520 0
112520 0
112520 0
112520 0
112520 0
112521 0
112521 0
112521 0
112521 0
112521 0
112521 0
112521 0
112521 0
112521 0
112521 0
112521 0
112521 0
112521 0
112521 0
112521 0
112521 0
112521 0
112521 0
112521 0
112521 0
112521 0
112521 0
112521 0
112521 0
112521 0
112521 0
112521 0
112521 0
112521 0
112521 0
112521 0
112522 0
112522 0
112522 0
112522 0
112522 0
112522 0
112522 0
112522 0
112522 0
112522 0
112522 0
112522 0
112522 0
112522 0
112522 0
112522 0
112522 0
112522 0
112522 0
112522 0
112522 0
112522 0
112522 0
112522 0
112522 0
112522 0
112522 0
112522 0
112522 0
112522 0
112523 0
112523 0
112523 0
112523 0
112523 0
112523 0
112523 0
112523 0
112523 0
112523 0
112523 0
112523 0
112523 0
112523 0
112523 0
112523 0
112523 0
112523 0
112523 0
112523 0
112523 0
112523 0
112523 0
112523 0
112523 0
112523 0
112523 0
112523 0
112523 0
112523 0
112524 0
112524 0
112524 0
112524 0
112524 0
112524 0
112524 0
112524 0
112524 0
112524 0
112524 0
112524 0
112524 0
112524 0
112524 0
112524 0
112524 0
112524 0
112524 0
112524 0
112524 0
112524 0
112524 0
112524 0
112524 0
112524 0
112524 0
112524 0
112524 0
112524 0
112524 0
112525 0
112525 0
112525 0
112525 0
112525 0
112525 0
112525 0
112525 0
112525 0
112525 0
112525 0
112525 0
112525 0
112525 0
112525 0
112525 0
112525 0
112525 0
112525 0
112525 0
112525 0
112525 0
112525 0
112525 0
112525 0
112525 0
112525 0
112525 0
112525 0
112525 0
112526 0
112526 0
112526 0
112526 0
112526 0
112526 0
112526 0
112526 0
112526 0
112526 0
112526 0
112526 0
112526 0
112526 0
112526 0
112526 0
112526 0
112526 0
112526 0
112526 0
112526 0
112526 0
112526 0
112526 0
112526 0
112526 0
112526 0
112526 0
112526 0
112526 0
112527 0
112527 0
112527 0
112527 0
112527 0
112527 0
112527 0
112527 0
112527 0
112527 0
112527 0
112527 0
112527 0
112527 0
112527 0
112527 0
112527 0
112527 0
112527 0
112527 0
112527 0
112527 0
112527 0
112527 0
112527 0
112527 0
112527 0
112527 0
112527 0
112527 0
112527 0
112528 0
112528 0
112528 0
112528 0
112528 0
112528 0
112528 0
112528 0
112528 0
112528 0
112528 0
112528 0
112528 0
112528 0
112528 0
112528 0
112528 0
112528 0
112528 0
112528 0
112528 0
112528 0
112528 0
112528 0
112528 0
112528 0
112528 0
112528 0
112528 0
112529 0
112529 0
112529 0
112529 0
112529 0
112529 0
112529 0
112529 0
112529 0
112529 0
112529 0
112529 0
112529 0
112529 0
112529 0
112529 0
112529 0
112529 0
112529 0
112529 0
112529 0
112529 0
112529 0
112529 0
112529 0
112529 0
112529 0
112529 0
112529 0
112529 0
112529 0
112530 0
112530 0
112530 0
112530 0
112530 0
112530 0
112530 0
112530 0
112530 0
112530 0
112530 0
112530 0
112530 0
112530 0
112530 0
112530 0
112530 0
112530 0
112530 0
112530 0
112530 0
112530 0
112530 0
112530 0
112530 0
112530 0
112530 0
112530 0
112530 0
112530 0
112530 0
112531 0
112531 0
112531 0
112531 0
112531 0
112531 0
112531 0
112531 0
112531 0
112531 0
112531 0
112531 0
112531 0
112531 0
112531 0
112531 0
112531 0
112531 0
112531 0
112531 0
112531 0
112531 1 4 180 758 962
112531 1 4 180 758 962
112531 1 4 180 758 962
112531 1 4 180 758 962
112531 1 4 180 758 962
112531 1 32 270 758 946
112531 1 32 270 758 946
112531 1 32 270 758 946
112531 1 32 270 758 946
112531 1 32 270 758 946
112532 1 9 0 758 935
112532 1 9 0 758 935
112532 1 9 0 758 935
112532 1 9 0 758 935
112532 1 9 180 758 920
112532 1 9 180 758 920
112532 1 9 180 758 920
112532 1 9 180 758 920
112532 1 9 180 758 920
112532 1 32 270 758 905
112532 1 32 270 758 905
112532 1 32 270 758 905
112532 1 32 270 758 905
112532 1 32 275 758 896
112532 1 32 275 758 896
112532 1 32 275 758 896
112532 1 32 270 757 885
112532 1 32 270 757 885
112532 1 32 270 757 885
112532 1 32 270 757 885
112532 1 32 270 757 885
112532 1 32 276 757 875
112532 1 32 276 757 875
112532 1 32 276 757 875
112532 1 32 276 757 875
112533 1 32 270 756 860
112533 1 32 270 756 860
112533 1 32 270 756 860
112533 1 32 270 756 860
112533 1 32 270 756 860
112533 1 32 270 756 850
112533 1 32 270 756 850
112533 1 32 270 756 850
112533 1 32 270 756 850
112533 1 32 270 756 850
112533 1 32 270 757 835
112533 1 32 270 757 835
112533 1 32 270 757 835
112533 1 32 270 757 835
112533 1 32 270 758 824
112533 1 32 270 758 824
112533 1 32 270 758 824
112533 1 32 270 758 824
112533 1 32 270 758 815
112533 1 32 270 758 815
112533 1 32 270 758 815
112533 1 32 270 758 815
112533 1 32 270 759 805
112533 1 32 270 759 805
112533 1 32 270 759 805
112533 1 32 270 759 805
112533 1 32 270 759 805
112533 1 32 270 760 789
112533 1 32 270 760 789
112533 1 32 270 760 789
112533 1 32 270 760 789
112534 1 32 270 761 779
112534 1 32 270 761 779
112534 1 32 270 761 779
112534 1 32 270 761 779
112534 1 32 270 761 779
112534 1 32 270 762 765
112534 1 32 270 762 765
112534 1 32 270 762 765
112534 1 32 270 762 754
112534 1 32 270 762 754
112534 1 32 270 762 754
112534 1 32 270 762 754
112534 1 32 270 762 754
112534 1 32 270 763 745
112534 1 32 270 763 745
112534 1 32 270 763 745
112534 1 32 270 763 745
112534 1 32 270 763 735
112534 1 32 270 763 735
112534 1 32 270 763 735
112534 1 32 270 763 719
112534 1 32 270 763 719
112534 1 32 270 763 719
112534 1 32 270 763 719
112534 1 32 270 763 719
112534 1 32 270 764 710
112534 1 32 270 764 710
112534 1 32 270 764 710
112534 1 32 270 764 699
112534 1 32 270 764 699
112534 1 32 270 764 699
112534 1 32 270 764 699
112534 1 32 270 764 699
112534 1 32 270 764 699
112535 1 32 270 765 689
112535 1 32 270 765 689
112535 1 32 270 765 689
112535 1 32 270 765 689
112535 1 32 270 766 674
112535 1 32 270 766 674
112535 1 32 270 766 674
112535 1 32 270 766 674
112535 1 32 270 766 674
112535 1 32 270 767 665
112535 1 32 270 767 665
112535 1 32 270 767 665
112535 1 32 270 767 665
112535 1 32 270 766 648
112535 1 32 270 766 648
112535 1 32 270 766 648
112535 1 32 270 766 648
112535 1 32 270 766 648
112535 1 32 270 767 638
112535 1 32 270 767 638
112535 1 32 270 767 638
112535 1 32 270 767 638
112535 1 32 270 766 621
112535 1 32 270 766 621
112535 1 32 270 766 621
112535 1 32 270 766 621
112536 1 32 270 766 610
112536 1 32 270 766 610
112536 1 32 270 766 610
112536 1 32 270 766 610
112536 1 32 270 766 610
112536 1 32 270 766 600
112536 1 32 270 766 600
112536 1 32 270 766 600
112536 1 32 270 767 584
112536 1 32 270 767 584
112536 1 32 270 767 584
112536 1 32 270 767 584
112536 1 32 270 768 578
112536 1 32 270 768 578
112536 1 32 270 768 578
112536 1 32 270 768 578
112536 1 32 270 768 578
112536 1 32 270 769 562
112536 1 32 270 769 562
112536 1 32 270 769 562
112536 1 32 270 769 562
112536 1 32 270 770 551
112536 1 32 270 770 551
112536 1 32 270 770 551
112536 1 32 270 770 551
112536 1 32 270 770 551
112536 1 32 261 772 538
112536 1 32 261 772 538
112536 1 32 261 772 538
112536 1 32 261 772 538
112536 1 32 261 772 538
112537 1 32 270 773 530
112537 1 32 270 773 530
112537 1 32 270 773 530
112537 1 32 270 773 530
112537 1 32 270 776 517
112537 1 32 270 776 517
112537 1 32 270 776 517
112537 1 32 270 776 517
112537 1 32 270 776 517
112537 1 32 270 776 517
112537 1 32 260 777 509
112537 1 32 260 777 509
112537 1 32 260 777 509
112537 1 32 260 777 509
112537 1 32 261 779 496
112537 1 32 261 779 496
112537 1 32 261 779 496
112537 1 32 261 779 496
112537 1 32 261 779 496
112537 1 32 270 780 483
112537 1 32 270 780 483
112537 1 32 270 780 483
112537 1 32 270 780 483
112537 1 32 270 780 474
112537 1 32 270 780 474
112537 1 32 270 780 474
112537 1 32 270 780 474
112537 1 32 270 780 474
112538 1 32 270 780 465
112538 1 32 270 780 465
112538 1 32 270 780 465
112538 1 32 270 780 465
112538 1 32 270 780 452
112538 1 32 270 780 452
112538 1 32 270 780 452
112538 1 32 270 780 452
112538 1 32 270 780 452
112538 1 32 270 780 452
112538 1 32 270 780 443
112538 1 32 270 780 443
112538 1 32 270 780 443
112538 1 32 270 780 443
112538 1 32 270 780 430
112538 1 32 270 780 430
112538 1 32 270 780 430
112538 1 32 270 780 430
112538 1 32 270 779 417
112538 1 32 270 779 417
112538 1 32 270 779 417
112538 1 32 270 779 417
112538 1 32 270 779 407
112538 1 32 270 779 407
112538 1 32 270 779 407
112538 1 32 270 779 407
112538 1 32 270 779 396
112538 1 32 270 779 396
112538 1 32 270 779 396
112538 1 32 270 779 396
112538 1 32 270 779 396
112539 1 32 270 778 385
112539 1 32 270 778 385
112539 1 32 270 778 385
112539 1 32 270 778 385
112539 1 32 270 779 368
112539 1 32 270 779 368
112539 1 32 270 779 368
112539 1 32 270 779 368
112539 1 32 270 778 356
112539 1 32 270 778 356
112539 1 32 270 778 356
112539 1 32 270 778 356
112539 1 32 270 778 356
112539 1 32 270 779 346
112539 1 32 270 779 346
112539 1 32 270 779 346
112539 1 32 270 779 346
112539 1 32 270 778 329
112539 1 32 270 778 329
112539 1 32 270 778 329
112539 1 32 270 778 329
112539 1 32 270 778 329
112539 1 32 270 778 319
112539 1 32 270 778 319
112539 1 32 270 778 319
112539 1 32 270 778 319
112539 1 32 270 778 302
112539 1 32 270 778 302
112539 1 32 270 778 302
112539 1 32 270 778 302
112540 1 32 270 777 291
112540 1 32 270 777 291
112540 1 32 270 777 291
112540 1 32 270 777 291
112540 1 32 270 777 291
112540 1 32 270 777 282
112540 1 32 270 777 282
112540 1 32 270 777 282
112540 0
112540 0
112540 0
112540 0
112540 0
112540 1 32 270 776 264
112540 1 32 270 776 264
112540 1 32 270 776 264
112540 1 32 270 776 264
112540 1 32 270 776 263
112540 1 32 270 776 263
112540 1 32 270 776 263
112540 1 32 270 776 263
112540 1 32 270 776 263
112540 1 32 270 776 263
112540 1 32 270 776 263
112540 1 32 270 776 263
112540 1 32 270 776 263
112540 1 32 270 776 263
112540 1 32 270 776 263
112540 1 32 270 776 263
112540 1 32 270 776 263
112541 1 32 270 776 263
112541 1 32 270 776 263
112541 1 32 270 776 263
112541 1 32 270 776 263
112541 1 32 279 775 263
112541 1 32 279 775 263
112541 1 32 279 775 263
112541 1 32 279 775 263
112541 1 32 288 775 262
112541 1 32 288 775 262
112541 1 32 288 775 262
112541 1 32 288 775 262
112541 1 32 288 775 262
112541 1 32 300 774 263
112541 1 32 300 774 263
112541 1 32 300 774 263
112541 1 32 300 774 263
112541 1 32 309 774 263
112541 1 32 309 774 263
112541 1 32 309 774 263
112541 1 32 309 774 263
112541 1 32 309 774 263
112541 1 32 321 774 264
112541 1 32 321 774 264
112541 1 32 321 774 264
112541 1 32 321 774 264
112541 1 32 333 774 265
112541 1 32 333 774 265
112541 1 32 333 774 265
112541 1 32 333 774 265
112542 1 32 341 773 265
112542 1 32 341 773 265
112542 1 32 341 773 265
112542 1 32 341 773 265
112542 1 32 341 773 265
112542 1 32 350 773 265
112542 1 32 350 773 265
112542 1 32 350 773 265
112542 1 32 350 773 265
112542 1 32 360 773 265
112542 1 32 360 773 265
112542 1 32 360 773 265
112542 1 32 0 772 266
112542 1 32 0 772 266
112542 1 32 0 772 266
112542 1 32 0 772 266
112542 1 32 0 772 266
112542 1 32 0 771 266
112542 1 32 0 771 266
112542 1 32 0 771 266
112542 1 32 0 771 266
112542 1 32 0 766 265
112542 1 32 0 766 265
112542 1 32 0 766 265
112542 1 32 0 766 265
112542 1 32 350 761 264
112542 1 32 350 761 264
112542 1 32 350 761 264
112542 1 32 350 761 264
112542 1 32 350 761 264
112543 1 32 348 754 263
112543 1 32 348 754 263
112543 1 32 348 754 263
112543 1 32 348 754 263
112543 1 32 345 740 259
112543 1 32 345 740 259
112543 1 32 345 740 259
112543 1 32 345 740 259
112543 1 32 345 731 257
112543 1 32 345 731 257
112543 1 32 345 731 257
112543 1 32 345 731 257
112543 1 32 345 731 257
112543 1 32 341 723 255
112543 1 32 341 723 255
112543 1 32 341 723 255
112543 1 32 341 723 255
112543 1 32 344 723 254
112543 1 32 344 723 254
112543 1 32 344 723 254
112543 1 32 344 723 254
112543 1 32 344 723 254
112543 1 32 344 723 254
112543 1 32 344 723 254
112543 1 32 344 723 254
112543 1 32 344 723 254
112543 1 32 344 723 254
112543 1 32 344 723 254
112543 1 32 344 723 254
112543 1 32 344 723 254
112544 1 32 344 723 254
112544 1 32 344 723 254
112544 1 32 344 723 254
112544 1 32 344 723 254
112544 1 32 349 721 254
112544 1 32 349 721 254
112544 1 32 349 721 254
112544 1 32 349 721 254
112544 1 32 349 721 254
112544 1 32 354 718 254
112544 1 32 354 718 254
112544 1 32 354 718 254
112544 1 32 354 718 254
112544 1 32 354 718 254
112544 1 32 9 715 256
112544 1 32 9 715 256
112544 1 32 9 715 256
112544 1 32 9 715 256
112544 1 32 18 713 256
112544 1 32 18 713 256
112544 1 32 18 713 256
112544 1 32 18 713 256
112544 1 32 33 709 258
112544 1 32 33 709 258
112544 1 32 33 709 258
112544 1 32 33 709 258
112544 1 32 45 709 260
112544 1 32 45 709 260
112544 1 32 45 709 260
112544 1 32 45 709 260
112545 0
112545 0
112545 0
112545 0
112545 0
112545 1 32 51 710 259
112545 1 32 51 710 259
112545 1 32 51 710 259
112545 1 32 51 710 259
112545 1 32 51 710 259
112545 1 32 45 714 253
112545 1 32 45 714 253
112545 1 32 45 714 253
112545 1 32 45 714 253
112545 1 32 51 719 248
112545 1 32 51 719 248
112545 1 32 51 719 248
112545 1 32 51 719 248
112545 1 32 51 719 248
112545 1 32 56 722 244
112545 1 32 56 722 244
112545 1 32 56 722 244
112545 1 32 56 722 244
112545 1 32 56 727 238
112545 1 32 56 727 238
112545 1 32 56 727 238
112545 1 32 56 727 238
112545 1 32 56 727 239
112545 1 32 56 727 239
112545 1 32 56 727 239
112546 1 32 75 727 238
112546 1 32 75 727 238
112546 1 32 75 727 238
112546 1 32 75 727 238
112546 1 32 75 727 238
112546 1 32 90 728 238
112546 1 32 90 728 238
112546 1 32 90 728 238
112546 1 32 90 728 238
112546 1 32 90 728 238
112546 1 32 90 729 238
112546 1 32 90 729 238
112546 1 32 90 729 238
112546 1 32 90 729 238
112546 1 32 110 729 238
112546 1 32 110 729 238
112546 1 32 110 729 238
112546 1 32 110 729 238
112546 1 32 123 730 238
112546 1 32 123 730 238
112546 1 32 123 730 238
112546 1 32 123 730 238
112546 1 32 123 730 238
112546 1 32 120 730 239
112546 1 32 120 730 239
112546 1 32 120 730 239
112546 1 32 120 730 239
112546 1 32 120 730 239
112546 1 32 111 733 245
112546 1 32 111 733 245
112546 1 32 111 733 245
112546 1 32 111 733 245
112546 1 32 111 733 245
112547 1 32 108 738 255
112547 1 32 108 738 255
112547 1 32 108 738 255
112547 1 32 108 738 255
112547 0
112547 0
112547 0
112547 0
112547 0
112547 0
112547 1 32 101 743 276
112547 1 32 101 743 276
112547 1 32 101 743 276
112547 1 32 101 743 276
112547 1 32 90 745 289
112547 1 32 90 745 289
112547 1 32 90 745 289
112547 1 32 90 745 289
112547 1 32 90 745 289
112547 1 32 90 745 297
112547 1 32 90 745 297
112547 1 32 90 745 297
112547 1 32 90 745 297
112547 1 32 90 745 297
112547 1 32 90 745 305
112547 1 32 90 745 305
112547 1 32 90 745 305
112548 1 32 90 744 317
112548 1 32 90 744 317
112548 1 32 90 744 317
112548 1 32 90 744 317
112548 1 32 90 744 317
112548 1 32 78 743 323
112548 1 32 78 743 323
112548 1 32 78 743 323
112548 1 32 78 743 323
112548 1 32 75 741 328
112548 1 32 75 741 328
112548 1 32 75 741 328
112548 1 32 75 741 328
112548 1 32 75 741 328
112548 1 32 63 738 335
112548 1 32 63 738 335
112548 1 32 63 738 335
112548 1 32 63 738 335
112548 1 32 54 733 344
112548 1 32 54 733 344
112548 1 32 54 733 344
112548 1 32 54 733 344
112548 1 32 45 729 348
112548 1 32 45 729 348
112548 1 32 45 729 348
112548 1 32 45 729 348
112548 1 32 45 729 348
112548 1 32 45 725 352
112548 1 32 45 725 352
112548 1 32 45 725 352
112548 1 32 45 725 352
112548 1 32 45 725 352
112549 2 32 45 720 356 43 21 696 364
112549 2 32 45 720 356 43 21 696 364
112549 2 32 45 720 356 43 21 696 364
112549 2 32 45 720 356 43 21 696 364
112549 1 32 30 713 359
112549 1 32 30 713 359
112549 1 32 30 713 359
112549 1 32 30 713 359
112549 1 32 23 708 362
112549 1 32 23 708 362
112549 1 32 23 708 362
112549 1 32 23 708 362
112549 1 32 23 708 362
112549 1 32 15 699 364
112549 1 32 15 699 364
112549 1 32 15 699 364
112549 1 32 15 699 364
112549 1 32 8 693 365
112549 1 32 8 693 365
112549 1 32 8 693 365
112549 1 32 8 693 365
112549 1 32 0 688 366
112549 1 32 0 688 366
112549 1 32 0 688 366
112549 1 32 0 688 366
112549 1 32 354 679 365
112549 1 32 354 679 365
112549 1 32 354 679 365
112549 1 32 354 679 365
112550 1 32 350 674 364
112550 1 32 350 674 364
112550 1 32 350 674 364
112550 1 32 350 674 364
112550 1 32 350 674 364
112550 1 32 345 673 364
112550 1 32 345 673 364
112550 1 32 345 673 364
112550 1 32 345 673 364
112550 1 32 345 673 364
112550 1 32 348 673 364
112550 1 32 348 673 364
112550 1 32 348 673 364
112550 1 32 348 673 364
112550 1 32 0 673 365
112550 1 32 0 673 365
112550 1 32 0 673 365
112550 1 32 0 673 365
112550 1 9 -431602080 674 365
112550 1 9 -431602080 674 365
112550 1 9 -431602080 674 365
112550 1 9 -431602080 674 365
112550 1 32 23 674 365
112550 1 32 23 674 365
112550 1 32 23 674 365
112550 1 32 23 674 365
112550 1 32 41 675 366
112550 1 32 41 675 366
112550 1 32 41 675 366
112550 1 32 41 675 366
112551 1 32 51 676 367
112551 1 32 51 676 367
112551 1 32 51 676 367
112551 1 32 51 676 367
112551 1 32 51 676 367
112551 1 32 63 676 367
112551 1 32 63 676 367
112551 1 32 63 676 367
112551 1 32 63 676 367
112551 1 32 63 676 367
112551 1 32 90 677 368
112551 1 32 90 677 368
112551 1 32 90 677 368
112551 1 32 90 677 368
112551 1 32 90 678 368
112551 1 32 90 678 368
112551 1 32 90 678 368
112551 1 32 90 678 368
112551 1 32 90 678 368
112551 1 32 90 678 368
112551 1 32 90 678 368
112551 1 32 90 678 368
112551 1 32 90 678 368
112551 1 32 90 678 368
112551 1 32 90 678 368
112551 1 32 90 678 368
112551 1 32 90 678 368
112551 1 32 90 678 368
112552 1 32 90 679 373
112552 1 32 90 679 373
112552 1 32 90 679 373
112552 1 32 90 679 373
112552 1 32 90 679 373
112552 1 32 90 679 379
112552 1 32 90 679 379
112552 1 32 90 679 379
112552 1 32 90 679 379
112552 1 32 90 679 391
112552 1 32 90 679 391
112552 1 32 90 679 391
112552 1 32 90 679 391
112552 0
112552 0
112552 0
112552 0
112552 0
112552 1 32 90 680 414
112552 1 32 90 680 414
112552 1 32 90 680 414
112552 1 32 90 680 414
112552 1 32 90 680 430
112552 1 32 90 680 430
112552 1 32 90 680 430
112552 1 32 90 680 430
112552 1 32 90 680 430
112552 1 32 90 680 442
112552 1 32 90 680 442
112552 1 32 90 680 442
112552 1 32 90 680 442
112553 1 32 90 680 459
112553 1 32 90 680 459
112553 1 32 90 680 459
112553 1 32 90 680 459
112553 1 32 90 680 470
112553 1 32 90 680 470
112553 1 32 90 680 470
112553 1 32 90 680 470
112553 1 32 90 680 470
112553 1 32 90 680 470
112553 1 32 90 680 481
112553 1 32 90 680 481
112553 1 32 90 680 481
112553 1 32 90 680 481
112553 1 32 90 680 498
112553 1 32 90 680 498
112553 1 32 90 680 498
112553 1 32 90 680 498
112553 1 32 90 680 515
112553 1 32 90 680 515
112553 1 32 90 680 515
112553 1 32 90 680 515
112553 1 32 90 680 515
112553 1 32 90 680 526
112553 1 32 90 680 526
112553 1 32 90 680 526
112553 1 32 90 680 526
112553 1 32 90 680 538
112553 1 32 90 680 538
112553 1 32 90 680 538
112553 1 32 90 680 538
112553 1 32 90 680 538
112554 1 32 90 680 555
112554 1 32 90 680 555
112554 1 32 90 680 555
112554 1 32 90 680 566
112554 1 32 90 680 566
112554 1 32 90 680 566
112554 1 32 90 680 566
112554 1 32 90 680 566
112554 1 32 90 680 566
112554 1 32 90 680 577
112554 1 32 90 680 577
112554 1 32 90 680 577
112554 1 32 90 680 577
112554 1 32 90 681 594
112554 1 32 90 681 594
112554 1 32 90 681 594
112554 1 32 90 681 594
112554 1 32 90 681 594
112554 1 32 90 681 606
112554 1 32 90 681 606
112554 1 32 90 681 606
112554 1 32 90 681 606
112554 1 32 90 681 606
112554 1 32 90 681 622
112554 1 32 90 681 622
112554 1 32 90 681 622
112554 1 32 90 681 622
112555 1 32 90 681 632
112555 1 32 90 681 632
112555 1 32 90 681 632
112555 1 32 90 681 632
112555 1 32 90 681 649
112555 1 32 90 681 649
112555 1 32 90 681 649
112555 1 32 90 681 649
112555 1 32 90 681 649
112555 1 32 90 682 659
112555 1 32 90 682 659
112555 1 32 90 682 659
112555 1 32 90 682 659
112555 1 32 90 682 659
112555 1 32 90 682 675
112555 1 32 90 682 675
112555 1 32 90 682 675
112555 1 32 90 682 675
112555 1 32 90 683 691
112555 1 32 90 683 691
112555 1 32 90 683 691
112555 1 32 90 683 691
112555 1 32 90 683 691
112555 1 32 90 683 701
112555 1 32 90 683 701
112555 1 32 90 683 701
112555 1 32 90 683 701
112555 1 32 90 684 712
112555 1 32 90 684 712
112555 1 32 90 684 712
112555 1 32 90 684 712
112555 1 32 90 684 712
112556 1 32 90 684 723
112556 1 32 90 684 723
112556 1 32 90 684 723
112556 1 32 90 684 723
112556 1 32 90 685 738
112556 1 32 90 685 738
112556 1 32 90 685 738
112556 1 32 90 685 738
112556 1 32 90 685 750
112556 1 32 90 685 750
112556 1 32 90 685 750
112556 1 32 90 685 750
112556 1 32 90 685 750
112556 1 32 90 685 766
112556 1 32 90 685 766
112556 1 32 90 685 766
112556 1 32 90 685 766
112556 1 32 90 686 777
112556 1 32 90 686 777
112556 1 32 90 686 777
112556 1 32 90 686 777
112556 1 32 90 687 788
112556 1 32 90 687 788
112556 1 32 90 687 788
112556 1 32 90 687 788
112556 1 32 90 688 804
112556 1 32 90 688 804
112556 1 32 90 688 804
112556 1 32 90 688 804
112557 1 32 90 689 815
112557 1 32 90 689 815
112557 1 32 90 689 815
112557 1 32 90 689 815
112557 1 32 90 689 815
112557 1 32 90 689 826
112557 1 32 90 689 826
112557 1 32 90 689 826
112557 1 32 90 689 826
112557 1 32 90 689 826
112557 1 32 85 689 836
112557 1 32 85 689 836
112557 1 32 85 689 836
112557 1 32 85 689 836
112557 1 32 85 689 836
112557 1 32 84 689 852
112557 1 32 84 689 852
112557 1 32 84 689 852
112557 1 32 84 689 852
112557 1 32 90 689 869
112557 1 32 90 689 869
112557 1 32 90 689 869
112557 1 32 82 689 879
112557 1 32 82 689 879
112557 1 32 82 689 879
112557 1 32 82 689 879
112557 1 32 82 689 879
112557 1 32 82 689 879
112557 1 32 90 688 891
112557 1 32 90 688 891
112557 1 32 90 688 891
112557 1 32 90 688 891
112558 1 32 83 687 907
112558 1 32 83 687 907
112558 1 32 83 687 907
112558 1 32 83 687 907
112558 1 32 83 687 907
112558 1 32 90 686 918
112558 1 32 90 686 918
112558 1 32 90 686 918
112558 1 32 90 686 918
112558 1 32 90 685 933
112558 1 32 90 685 933
112558 1 32 90 685 933
112558 1 32 90 685 933
112558 1 32 90 685 933
112558 1 32 90 685 941
112558 1 32 90 685 941
112558 1 32 90 685 941
112558 1 32 90 685 941
112558 1 32 90 686 954
112558 1 32 90 686 954
112558 1 32 90 686 954
112558 1 32 90 686 954
112558 1 32 90 686 954
112558 1 32 90 685 962
112558 1 32 90 685 962
112558 1 32 90 685 962
112558 1 32 90 685 962
112559 0
112559 0
112559 0
112559 0
112559 0
112559 0
112559 0
112559 0
112559 0
112559 0
112559 0
112559 0
112559 0
112559 0
112559 0
112559 0
112559 0
112559 0
112559 0
112559 0
112559 0
112559 0
112559 0
112559 0
112559 0
112559 0
112559 0
112559 0
112559 0
112559 0
112559 0
112600 0
112600 0
112600 0
112600 0
112600 0
112600 0
112600 0
112600 0
112600 0
112600 0
112600 0
112600 0
112600 0
112600 0
112600 0
112600 0
112600 0
112600 0
112600 0
112600 0
112600 0
112600 0
112600 0
112600 0
112600 0
112600 0
112600 0
112600 0
112600 0
112600 0
112600 0
112601 0
112601 0
112601 0
112601 0
112601 0
112601 0
112601 0
112601 0
112601 0
112601 0
112601 0
112601 0
112601 0
112601 0
112601 0
112601 0
112601 0
112601 0
112601 0
112601 0
112601 0
112601 0
112601 0
112601 0
112601 0
112601 0
112601 0
112601 0
112601 0
112602 0
112602 0
112602 0
112602 0
112602 0
112602 0
112602 0
112602 0
112602 0
112602 0
112602 0
112602 0
112602 0
112602 0
112602 0
112602 0
112602 0
112602 0
112602 0
112602 0
112602 0
112602 0
112602 0
112602 0
112602 0
112602 0
112602 0
112602 0
112602 0
112602 0
112602 0
112602 0
112603 0
112603 0
112603 0
112603 0
112603 0
112603 0
112603 0
112603 0
112603 0
112603 0
112603 0
112603 0
112603 0
112603 0
112603 0
112603 0
112603 0
112603 0
112603 0
112603 0
112603 0
112603 0
112603 0
112603 0
112603 0
112603 0
112603 0
112604 0
112604 0
112604 0
112604 0
112604 0
112604 0
112604 0
112604 0
112604 0
112604 0
112604 0
112604 0
112604 0
112604 0
112604 0
112604 0
112604 0
112604 0
112604 0
112604 0
112604 0
112604 0
112604 0
112604 0
112604 0
112604 0
112604 0
112604 0
112604 0
112604 0
112605 0
112605 0
112605 0
112605 0
112605 0
112605 0
112605 0
112605 0
112605 0
112605 0
112605 0
112605 0
112605 0
112605 0
112605 0
112605 0
112605 0
112605 0
112605 0
112605 0
112605 0
112605 0
112605 0
112605 0
112605 0
112605 0
112605 0
112605 0
112605 0
112605 0
112605 0
112606 0
112606 0
112606 0
112606 0
112606 0
112606 0
112606 0
112606 0
112606 0
112606 0
112606 0
112606 0
112606 0
112606 0
112606 0
112606 0
112606 0
112606 0
112606 0
112606 0
112606 0
112606 0
112606 0
112606 0
112606 0
112606 0
112606 0
112606 0
112606 0
112606 0
112606 0
112607 0
112607 0
112607 0
112607 0
112607 0
112607 0
112607 0
112607 0
112607 0
112607 0
112607 0
112607 0
112607 0
112607 0
112607 0
112607 0
112607 0
112607 0
112607 0
112607 0
112607 0
112607 0
112607 0
112607 0
112607 0
112607 0
112607 0
112607 0
112608 0
112608 0
112608 0
112608 0
112608 0
112608 0
112608 0
112608 0
112608 0
112608 0
112608 0
112608 0
112608 0
112608 0
112608 0
112608 0
112608 0
112608 0
112608 0
112608 0
112608 0
112608 0
112608 0
112608 0
112608 0
112608 0
112608 0
112608 0
112608 0
112608 0
112608 0
112609 0
112609 0
112609 0
112609 0
112609 0
112609 0
112609 0
112609 0
112609 0
112609 0
112609 0
112609 0
112609 0
112609 0
112609 0
112609 0
112609 0
112609 0
112609 0
112609 0
112609 0
112609 0
112609 0
112609 0
112609 0
112609 0
112609 0
112609 0
112609 0
112609 0
112609 0
112610 0
112610 0
112610 0
112610 0
112610 0
112610 0
112610 0
112610 0
112610 0
112610 0
112610 0
112610 0
112610 0
112610 0
112610 0
112610 0
112610 0
112610 0
112610 0
112610 0
112610 0
112610 0
112610 0
112610 0
112610 0
112610 0
112610 0
112610 0
112610 0
112610 0
112611 0
112611 0
112611 0
112611 0
112611 0
112611 0
112611 0
112611 0
112611 0
112611 0
112611 0
112611 0
112611 0
112611 0
112611 0
112611 0
112611 0
112611 0
112611 0
112611 0
112611 0
112611 0
112611 0
112611 0
112611 0
112611 0
112611 0
112611 0
112611 0
112612 0
112612 0
112612 0
112612 0
112612 0
112612 0
112612 0
112612 0
112612 0
112612 0
112612 0
112612 0
112612 0
112612 0
112612 0
112612 0
112612 0
112612 0
112612 0
112612 0
112612 0
112612 0
112612 0
112612 0
112612 0
112612 0
112612 0
112612 0
112612 0
112613 0
112613 0
112613 0
112613 0
112613 0
112613 0
112613 0
112613 0
112613 0
112613 0
112613 0
112613 0
112613 0
112613 0
112613 0
112613 0
112613 0
112613 0
112613 0
112613 0
112613 0
112613 0
112613 0
112613 0
112613 0
112613 0
112613 0
112613 0
112613 0
112613 0
112613 0
112613 0
112614 0
112614 0
112614 0
112614 0
112614 0
112614 0
112614 0
112614 0
112614 0
112614 0
112614 0
112614 0
112614 0
112614 0
112614 0
112614 0
112614 0
112614 0
112614 0
112614 0
112614 0
112614 0
112614 0
112614 0
112614 0
112614 0
112614 0
112614 0
112614 0
112614 0
112614 0
112615 0
112615 0
112615 0
112615 0
112615 0
112615 0
112615 0
112615 0
112615 0
112615 0
112615 0
112615 0
112615 0
112615 0
112615 0
112615 0
112615 0
112615 0
112615 0
112615 0
112615 0
112615 0
112615 0
112615 0
112615 0
112615 0
112615 0
112615 0
112616 0
112616 0
112616 0
112616 0
112616 0
112616 0
112616 0
112616 0
112616 0
112616 0
112616 0
112616 0
112616 0
112616 0
112616 0
112616 0
112616 0
112616 0
112616 0
112616 0
112616 0
112616 0
112616 0
112616 0
112616 0
112616 0
112616 0
112616 0
112616 0
112617 0
112617 0
112617 0
112617 0
112617 0
112617 0
112617 0
112617 0
112617 0
112617 0
112617 0
112617 0
112617 0
112617 0
112617 0
112617 0
112617 0
112617 0
112617 0
112617 0
112617 0
112617 0
112617 0
112617 0
112617 0
112617 0
112617 0
112617 0
112617 0
112617 0
112617 0
112618 0
112618 0
112618 0
112618 0
112618 0
112618 0
112618 0
112618 0
112618 0
112618 0
112618 0
112618 0
112618 0
112618 0
112618 0
112618 0
112618 0
112618 0
112618 0
112618 0
112618 0
112618 0
112618 0
112618 0
112618 0
112618 0
112618 0
112618 0
112618 0
112618 0
112618 0
112619 0
112619 0
112619 0
112619 0
112619 0
112619 0
112619 0
112619 0
112619 0
112619 0
112619 0
112619 0
112619 0
112619 0
112619 0
112619 0
112619 0
112619 0
112619 0
112619 0
112619 0
112619 0
112619 0
112619 0
112619 0
112619 0
112619 0
112619 0
112619 0
112619 0
112620 0
112620 0
112620 0
112620 0
112620 0
112620 0
112620 0
112620 0
112620 0
112620 0
112620 0
112620 0
112620 0
112620 0
112620 0
112620 0
112620 0
112620 0
112620 0
112620 0
112620 0
112620 0
112620 0
112620 0
112620 0
112620 0
112620 0
112620 0
112620 0
112621 0
112621 0
112621 0
112621 0
112621 0
112621 0
112621 0
112621 0
112621 0
112621 0
112621 0
112621 0
112621 0
112621 0
112621 0
112621 0
112621 0
112621 0
112621 0
112621 0
112621 0
112621 0
112621 0
112621 0
112621 0
112621 0
112621 0
112621 0
112621 0
112621 0
112622 0
112622 0
112622 0
112622 0
112622 0
112622 0
112622 0
112622 0
112622 0
112622 0
112622 0
112622 0
112622 0
112622 0
112622 0
112622 0
112622 0
112622 0
112622 0
112622 0
112622 0
112622 0
112622 0
112622 0
112622 0
112622 0
112622 0
112622 0
112622 0
112622 0
112622 0
112623 0
112623 0
112623 0
112623 0
112623 0
112623 0
112623 0
112623 0
112623 0
112623 0
112623 0
112623 0
112623 0
112623 0
112623 0
112623 0
112623 0
112623 0
112623 0
112623 0
112623 0
112623 0
112623 0
112623 0
112623 0
112623 0
112623 0
112623 0
112623 0
112623 0
112623 0
112624 0
112624 0
112624 0
112624 0
112624 0
112624 0
112624 0
112624 0
112624 0
112624 0
112624 0
112624 0
112624 0
112624 0
112624 0
112624 0
112624 0
112624 0
112624 0
112624 0
112624 0
112624 0
112624 0
112624 0
112624 0
112624 0
112624 0
112624 0
112624 0
112624 0
112625 0
112625 0
112625 0
112625 0
112625 0
112625 0
112625 0
112625 0
112625 0
112625 0
112625 0
112625 0
112625 0
112625 0
112625 0
112625 0
112625 0
112625 0
112625 0
112625 0
112625 0
112625 0
112625 0
112625 0
112625 0
112625 0
112625 0
112625 0
112625 0
112625 0
112625 0
112626 0
112626 0
112626 0
112626 0
112626 0
112626 0
112626 0
112626 0
112626 0
112626 0
112626 0
112626 0
112626 0
112626 0
112626 0
112626 0
112626 0
112626 0
112626 0
112626 0
112626 0
112626 0
112626 0
112626 0
112626 0
112627 0
112627 0
112627 0
112627 0
112627 0
112627 0
112627 0
112627 0
112627 0
112627 0
112627 0
112627 0
112627 0
112627 0
112627 0
112627 0
112627 0
112627 0
112627 0
112627 0
112627 0
112627 0
112627 0
112627 0
112627 0
112627 0
112627 0
112627 0
112627 0
112627 0
112627 0
112627 0
112627 0
112627 0
112628 0
112628 0
112628 0
112628 0
112628 0
112628 0
112628 0
112628 0
112628 0
112628 0
112628 0
112628 0
112628 0
112628 0
112628 0
112628 0
112628 0
112628 0
112628 0
112628 0
112628 0
112628 0
112628 0
112628 0
112628 0
112628 0
112628 0
112628 0
112629 0
112629 0
112629 0
112629 0
112629 0
112629 0
112629 0
112629 0
112629 0
112629 0
112629 0
112629 0
112629 0
112629 0
112629 0
112629 0
112629 0
112629 0
112629 0
112629 0
112629 0
112629 0
112629 0
112629 0
112629 0
112629 0
112629 0
112629 0
112629 0
112629 0
112630 0
112630 0
112630 0
112630 0
112630 0
112630 0
112630 0
112630 0
112630 0
112630 0
112630 0
112630 0
112630 0
112630 0
112630 0
112630 0
112630 0
112630 0
112630 0
112630 0
112630 0
112630 0
112630 0
112630 0
112630 0
112630 0
112630 0
112630 0
112630 0
112630 0
112630 0
112631 0
112631 0
112631 0
112631 0
112631 0
112631 0
112631 0
112631 0
112631 0
112631 0
112631 0
112631 0
112631 0
112631 0
112631 0
112631 0
112631 0
112631 0
112631 0
112631 0
112631 0
112631 0
112631 0
112631 0
112631 0
112631 0
112631 0
112631 0
112631 0
112631 0
112631 0
112631 0
112632 0
112632 0
112632 0
112632 0
112632 0
112632 0
112632 0
112632 0
112632 0
112632 0
112632 0
112632 0
112632 0
112632 0
112632 0
112632 0
112632 0
112632 0
112632 0
112632 0
112632 0
112632 0
112632 0
112632 0
112632 0
112632 0
112632 0
112633 0
112633 0
112633 0
112633 0
112633 0
112633 0
112633 0
112633 0
112633 0
112633 0
112633 0
112633 0
112633 0
112633 0
112633 0
112633 0
112633 0
112633 0
112633 0
112633 0
112633 0
112633 0
112633 0
112633 0
112633 0
112633 0
112633 0
112633 0
112633 0
112633 0
112633 0
112634 0
112634 0
112634 0
112634 0
112634 0
112634 0
112634 0
112634 0
112634 0
112634 0
112634 0
112634 0
112634 0
112634 0
112634 0
112634 0
112634 0
112634 0
112634 0
112634 0
112634 0
112634 0
112634 0
112634 0
112634 0
112634 0
112634 0
112634 0
112635 0
112635 0
112635 0
112635 0
112635 0
112635 0
112635 0
112635 0
112635 0
112635 0
112635 0
112635 0
112635 0
112635 0
112635 0
112635 0
112635 0
112635 0
112635 0
112635 0
112635 0
112635 0
112635 0
112635 0
112635 0
112635 0
112635 0
112635 0
112635 0
112635 0
112636 0
112636 0
112636 0
112636 0
112636 0
112636 0
112636 0
112636 0
112636 0
112636 0
112636 0
112636 0
112636 0
112636 0
112636 0
112636 0
112636 0
112636 0
112636 0
112636 0
112636 0
112636 0
112636 0
112636 0
112636 0
112636 0
112636 0
112636 0
112636 0
112636 0
112636 0
112637 0
112637 0
112637 0
112637 0
112637 0
112637 0
112637 0
112637 0
112637 0
112637 0
112637 0
112637 0
112637 0
112637 0
112637 0
112637 0
112637 0
112637 0
112637 0
112637 0
112637 0
112637 0
112637 0
112637 0
112637 0
112637 0
112637 0
112637 0
112637 0
112637 0
112638 0
112638 0
112638 0
112638 0
112638 0
112638 0
112638 0
112638 0
112638 0
112638 0
112638 0
112638 0
112638 0
112638 0
112638 0
112638 0
112638 0
112638 0
112638 0
112638 0
112638 0
112638 0
112638 0
112638 0
112638 0
112638 0
112638 0
112638 0
112638 0
112638 0
112639 0
112639 0
112639 0
112639 0
112639 0
112639 0
112639 0
112639 0
112639 0
112639 0
112639 0
112639 0
112639 0
112639 0
112639 0
112639 0
112639 0
112639 0
112639 0
112639 0
112639 0
112639 0
112639 0
112639 0
112639 0
112639 0
112639 0
112639 0
112639 0
112639 0
112639 0
112639 0
112640 0
112640 0
112640 0
112640 0
112640 0
112640 0
112640 0
112640 0
112640 0
112640 0
112640 0
112640 0
112640 0
112640 0
112640 0
112640 0
112640 0
112640 0
112640 0
112640 0
112640 0
112640 0
112640 0
112640 0
112640 0
112640 0
112640 0
112640 0
112640 0
112641 0
112641 0
112641 0
112641 0
112641 0
112641 0
112641 0
112641 0
112641 0
112641 0
112641 0
112641 0
112641 0
112641 0
112641 0
112641 0
112641 0
112641 0
112641 0
112641 0
112641 0
112641 0
112641 0
112641 0
112641 0
112641 0
112641 0
112641 0
112641 0
112641 0
112642 0
112642 0
112642 0
112642 0
112642 0
112642 0
112642 0
112642 0
112642 0
112642 0
112642 0
112642 0
112642 0
112642 0
112642 0
112642 0
112642 0
112642 0
112642 0
112642 0
112642 0
112642 0
112642 0
112642 0
112642 0
112642 0
112642 0
112642 0
112642 0
112642 0
112642 0
112642 0
112643 0
112643 0
112643 0
112643 0
112643 0
112643 0
112643 0
112643 0
112643 0
112643 0
112643 0
112643 0
112643 0
112643 0
112643 0
112643 0
112643 0
112643 0
112643 0
112643 0
112643 0
112643 0
112643 0
112643 0
112643 0
112643 0
112644 0
112644 0
112644 0
112644 0
112644 0
112644 0
112644 0
112644 0
112644 0
112644 0
112644 0
112644 0
112644 0
112644 0
112644 0
112644 0
112644 0
112644 0
112644 0
112644 0
112644 0
112644 0
112644 0
112644 0
112644 0
112644 0
112644 0
112644 0
112644 0
112644 0
112644 0
112644 0
112644 0
112644 0
112645 0
112645 0
112645 0
112645 0
112645 0
112645 0
112645 0
112645 0
112645 0
112645 0
112645 0
112645 0
112645 0
112645 0
112645 0
112645 0
112645 0
112645 0
112645 0
112645 0
112645 0
112645 0
112645 0
112645 0
112645 0
112645 0
112646 0
112646 0
112646 0
112646 0
112646 0
112646 0
112646 0
112646 0
112646 0
112646 0
112646 0
112646 0
112646 0
112646 0
112646 0
112646 0
112646 0
112646 0
112646 0
112646 0
112646 0
112646 0
112646 0
112646 0
112646 0
112646 0
112646 0
112646 0
112646 0
112646 0
112647 0
112647 0
112647 0
112647 0
112647 0
112647 0
112647 0
112647 0
112647 0
112647 0
112647 0
112647 0
112647 0
112647 0
112647 0
112647 0
112647 0
112647 0
112647 0
112647 0
112647 0
112647 0
112647 0
112647 0
112647 0
112647 0
112647 0
112647 0
112647 0
112647 0
112647 0
112647 0
112647 0
112648 0
112648 0
112648 0
112648 0
112648 0
112648 0
112648 0
112648 0
112648 0
112648 0
112648 0
112648 0
112648 0
112648 0
112648 0
112648 0
112648 0
112648 0
112648 0
112648 0
112648 0
112648 0
112648 0
112648 0
112648 0
112648 0
112648 0
112648 0
112648 0
112648 0
112648 0
112649 0
112649 0
112649 0
112649 0
112649 0
112649 0
112649 0
112649 0
112649 0
112649 0
112649 0
112649 0
112649 0
112649 0
112649 0
112649 0
112649 0
112649 0
112649 0
112649 0
112649 0
112649 0
112649 0
112649 0
112649 0
112649 0
112650 0
112650 0
112650 0
112650 0
112650 0
112650 0
112650 0
112650 0
112650 0
112650 0
112650 0
112650 0
112650 0
112650 0
112650 0
112650 0
112650 0
112650 0
112650 0
112650 0
112650 0
112650 0
112650 0
112650 0
112650 0
112650 0
112650 0
112650 0
112650 0
112650 0
112650 0
112651 0
112651 0
112651 0
112651 0
112651 0
112651 0
112651 0
112651 0
112651 0
112651 0
112651 0
112651 0
112651 0
112651 0
112651 0
112651 0
112651 0
112651 0
112651 0
112651 0
112651 0
112651 0
112651 0
112651 0
112651 0
112651 0
112651 0
112651 0
112651 0
112651 0
112652 0
112652 0
112652 0
112652 0
112652 0
112652 0
112652 0
112652 0
112652 0
112652 0
112652 0
112652 0
112652 0
112652 0
112652 0
112652 0
112652 0
112652 0
112652 0
112652 0
112652 0
112652 0
112652 0
112652 0
112652 0
112652 0
112652 0
112652 0
112652 0
112652 0
112652 0
112653 0
112653 0
112653 0
112653 0
112653 0
112653 0
112653 0
112653 0
112653 0
112653 0
112653 0
112653 0
112653 0
112653 0
112653 0
112653 0
112653 0
112653 0
112653 0
112653 0
112653 0
112653 0
112653 0
112653 0
112653 0
112653 0
112653 0
112653 0
112653 0
112653 0
112653 0
112653 0
112654 0
112654 0
112654 0
112654 0
112654 0
112654 0
112654 0
112654 0
112654 0
112654 0
112654 0
112654 0
112654 0
112654 0
112654 0
112654 0
112654 0
112654 0
112654 0
112654 0
112654 0
112654 0
112654 0
112654 0
112654 0
112654 0
112655 0
112655 0
112655 0
112655 0
112655 0
112655 0
112655 0
112655 0
112655 0
112655 0
112655 0
112655 0
112655 0
112655 0
112655 0
112655 0
112655 0
112655 0
112655 0
112655 0
112655 0
112655 0
112655 0
112655 0
112655 0
112655 0
112655 0
112655 0
112655 0
112655 0
112656 0
112656 0
112656 0
112656 0
112656 0
112656 0
112656 0
112656 0
112656 0
112656 0
112656 0
112656 0
112656 0
112656 0
112656 0
112656 0
112656 0
112656 0
112656 0
112656 0
112656 0
112656 0
112656 0
112656 0
112656 0
112656 0
112656 0
112656 0
112656 0
112656 0
112656 0
112657 0
112657 0
112657 0
112657 0
112657 0
112657 0
112657 0
112657 0
112657 0
112657 0
112657 0
112657 0
112657 0
112657 0
112657 0
112657 0
112657 0
112657 0
112657 0
112657 0
112657 0
112657 0
112657 0
112657 0
112657 0
112657 0
112657 0
112657 0
112657 0
112657 0
112657 0
112658 0
112658 0
112658 0
112658 0
112658 0
112658 0
112658 0
112658 0
112658 0
112658 0
112658 0
112658 0
112658 0
112658 0
112658 0
112658 0
112658 0
112658 0
112658 0
112658 0
112658 0
112658 0
112658 0
112658 0
112658 0
112658 0
112658 0
112658 0
112658 0
112658 0
112659 0
112659 0
112659 0
112659 0
112659 0
112659 0
112659 0
112659 0
112659 0
112659 0
112659 0
112659 0
112659 0
112659 0
112659 0
112659 0
112659 0
112659 0
112659 0
112659 0
112659 0
112659 0
112659 0
112659 0
112659 0
112659 0
112659 0
112659 0
112659 0
112700 0
112700 0
112700 0
112700 0
112700 0
112700 0
112700 0
112700 0
112700 0
112700 0
112700 0
112700 0
112700 0
112700 0
112700 0
112700 0
112700 0
112700 0
112700 0
112700 0
112700 0
112700 0
112700 0
112700 0
112700 0
112700 0
112700 0
112700 0
112700 0
112700 0
112700 0
112701 0
112701 0
112701 0
112701 0
112701 0
112701 0
112701 0
112701 0
112701 0
112701 0
112701 0
112701 0
112701 0
112701 0
112701 0
112701 0
112701 0
112701 0
112701 0
112701 0
112701 0
112701 0
112701 0
112701 0
112701 0
112701 0
112701 0
112701 0
112701 0
112701 0
112701 0
112702 0
112702 0
112702 0
112702 0
112702 0
112702 0
112702 0
112702 0
112702 0
112702 0
112702 0
112702 0
112702 0
112702 0
112702 0
112702 0
112702 0
112702 0
112702 0
112702 0
112702 0
112702 0
112702 0
112702 0
112702 0
112702 0
112702 0
112703 0
112703 0
112703 0
112703 0
112703 0
112703 0
112703 0
112703 0
112703 0
112703 0
112703 0
112703 0
112703 0
112703 0
112703 0
112703 0
112703 0
112703 0
112703 0
112703 0
112703 0
112703 0
112703 0
112703 0
112703 0
112703 0
112703 0
112703 0
112703 0
112703 0
112704 0
112704 0
112704 0
112704 0
112704 0
112704 0
112704 0
112704 0
112704 0
112704 0
112704 0
112704 0
112704 0
112704 0
112704 0
112704 0
112704 0
112704 0
112704 0
112704 0
112704 0
112704 0
112704 0
112704 0
112704 0
112704 0
112704 0
112704 0
112