112305 0
112305 0
112305 0
112305 0
112305 0
112305 0
112305 0
112305 0
112305 0
112305 0
112305 0
112305 0
112305 0
112305 0
112305 0
112305 0
112305 0
112305 0
112305 0
112305 0
112305 0
112305 0
112305 0
112305 0
112305 0
112305 0
112305 0
112305 0
112305 0
112305 0
112305 0
112306 0
112306 0
112306 0
112306 0
112306 0
112306 0
112306 0
112306 0
112306 0
112306 0
112306 0
112306 0
112306 0
112306 0
112306 0
112306 0
112306 0
112306 0
112306 0
112306 0
112306 0
112306 0
112306 0
112306 0
112306 0
112306 0
112306 0
112306 0
112306 0
112307 0
112307 0
112307 0
112307 0
112307 0
112307 0
112307 0
112307 0
112307 0
112307 0
112307 0
112307 0
112307 0
112307 0
112307 0
112307 0
112307 0
112307 0
112307 0
112307 0
112307 0
112307 0
112307 0
112307 0
112307 0
112307 0
112307 0
112307 0
112307 0
112308 0
112308 0
112308 0
112308 0
112308 0
112308 0
112308 0
112308 0
112308 0
112308 0
112308 0
112308 0
112308 0
112308 0
112308 0
112308 0
112308 0
112308 0
112308 0
112308 0
112308 0
112308 0
112308 0
112308 0
112308 0
112308 0
112308 0
112308 0
112308 0
112308 0
112308 0
112308 0
112308 0
112309 0
112309 0
112309 0
112309 0
112309 0
112309 0
112309 0
112309 0
112309 0
112309 0
112309 0
112309 0
112309 0
112309 0
112309 0
112309 0
112309 0
112309 0
112309 0
112309 0
112309 0
112309 0
112309 0
112309 0
112309 0
112309 0
112309 0
112309 0
112309 0
112309 0
112310 0
112310 0
112310 0
112310 0
112310 0
112310 0
112310 0
112310 0
112310 0
112310 0
112310 0
112310 0
112310 0
112310 0
112310 0
112310 0
112310 0
112310 0
112310 0
112310 0
112310 0
112310 0
112310 0
112310 0
112310 0
112310 0
112310 0
112310 0
112311 0
112311 0
112311 0
112311 0
112311 0
112311 0
112311 0
112311 0
112311 0
112311 0
112311 0
112311 0
112311 0
112311 0
112311 0
112311 0
112311 0
112311 0
112311 0
112311 0
112311 0
112311 0
112311 0
112311 0
112311 0
112311 0
112311 0
112311 0
112311 0
112311 0
112311 0
112312 0
112312 0
112312 0
112312 0
112312 0
112312 0
112312 0
112312 0
112312 0
112312 0
112312 0
112312 0
112312 0
112312 0
112312 0
112312 0
112312 0
112312 0
112312 0
112312 0
112312 0
112312 0
112312 0
112312 0
112312 0
112312 0
112312 0
112312 0
112312 0
112312 0
112312 0
112313 0
112313 0
112313 0
112313 0
112313 0
112313 0
112313 0
112313 0
112313 0
112313 0
112313 0
112313 0
112313 0
112313 0
112313 0
112313 0
112313 0
112313 0
112313 0
112313 0
112313 0
112313 0
112313 0
112313 0
112313 0
112313 0
112313 0
112314 0
112314 0
112314 0
112314 0
112314 0
112314 0
112314 0
112314 0
112314 0
112314 0
112314 0
112314 0
112314 0
112314 0
112314 0
112314 0
112314 0
112314 0
112314 0
112314 0
112314 0
112314 0
112314 0
112314 0
112314 0
112314 0
112314 0
112314 0
112314 0
112314 0
112314 0
112315 0
112315 0
112315 0
112315 0
112315 0
112315 0
112315 0
112315 0
112315 0
112315 0
112315 0
112315 0
112315 0
112315 0
112315 0
112315 0
112315 0
112315 0
112315 0
112315 0
112315 0
112315 0
112315 0
112315 0
112315 0
112315 0
112315 0
112315 0
112315 0
112316 0
112316 0
112316 0
112316 0
112316 0
112316 0
112316 0
112316 0
112316 0
112316 0
112316 0
112316 0
112316 0
112316 0
112316 0
112316 0
112316 0
112316 0
112316 0
112316 0
112316 0
112316 0
112316 0
112316 0
112316 0
112316 0
112316 0
112316 0
112316 0
112316 0
112317 0
112317 0
112317 0
112317 0
112317 0
112317 0
112317 0
112317 0
112317 0
112317 0
112317 0
112317 0
112317 0
112317 0
112317 0
112317 0
112317 0
112317 0
112317 0
112317 0
112317 0
112317 0
112317 0
112317 0
112317 0
112317 0
112317 0
112317 0
112317 0
112317 0
112317 0
112317 0
112318 0
112318 0
112318 0
112318 0
112318 0
112318 0
112318 0
112318 0
112318 0
112318 0
112318 0
112318 0
112318 0
112318 0
112318 0
112318 0
112318 0
112318 0
112318 0
112318 0
112318 0
112318 0
112318 0
112318 0
112318 0
112318 0
112318 0
112318 0
112319 0
112319 0
112319 0
112319 0
112319 0
112319 0
112319 0
112319 0
112319 0
112319 0
112319 0
112319 0
112319 0
112319 0
112319 0
112319 0
112319 0
112319 0
112319 0
112319 0
112319 0
112319 0
112319 0
112319 0
112319 0
112319 0
112319 0
112319 0
112319 0
112319 0
112319 0
112320 0
112320 0
112320 0
112320 0
112320 0
112320 0
112320 0
112320 0
112320 0
112320 0
112320 0
112320 0
112320 0
112320 0
112320 0
112320 0
112320 0
112320 0
112320 0
112320 0
112320 0
112320 0
112320 0
112320 0
112320 0
112320 0
112320 0
112320 0
112320 0
112321 0
112321 0
112321 0
112321 0
112321 0
112321 0
112321 0
112321 0
112321 0
112321 0
112321 0
112321 0
112321 0
112321 0
112321 0
112321 0
112321 0
112321 0
112321 0
112321 0
112321 0
112321 0
112321 0
112321 0
112321 0
112321 0
112321 0
112321 0
112321 0
112321 0
112321 0
112321 0
112321 0
112322 0
112322 0
112322 0
112322 0
112322 0
112322 0
112322 0
112322 0
112322 0
112322 0
112322 0
112322 0
112322 0
112322 0
112322 0
112322 0
112322 0
112322 0
112322 0
112322 0
112322 0
112322 0
112322 0
112322 0
112322 0
112322 0
112322 0
112322 0
112322 0
112323 0
112323 0
112323 0
112323 0
112323 0
112323 0
112323 0
112323 0
112323 0
112323 0
112323 0
112323 0
112323 0
112323 0
112323 0
112323 0
112323 0
112323 0
112323 0
112323 0
112323 0
112323 0
112323 0
112323 0
112323 0
112323 0
112323 0
112323 0
112324 0
112324 0
112324 0
112324 0
112324 0
112324 0
112324 0
112324 0
112324 0
112324 0
112324 0
112324 0
112324 0
112324 0
112324 0
112324 0
112324 0
112324 0
112324 0
112324 0
112324 0
112324 0
112324 0
112324 0
112324 0
112324 0
112324 0
112324 0
112324 0
112324 0
112324 0
112324 0
112325 0
112325 0
112325 0
112325 0
112325 0
112325 0
112325 0
112325 0
112325 0
112325 0
112325 0
112325 0
112325 0
112325 0
112325 0
112325 0
112325 0
112325 0
112325 0
112325 0
112325 0
112325 0
112325 0
112325 0
112325 0
112325 0
112325 0
112325 0
112325 0
112326 0
112326 0
112326 0
112326 0
112326 0
112326 0
112326 0
112326 0
112326 0
112326 0
112326 0
112326 0
112326 0
112326 0
112326 0
112326 0
112326 0
112326 0
112326 0
112326 0
112326 0
112326 0
112326 0
112326 0
112326 0
112326 0
112326 0
112326 0
112326 0
112327 0
112327 0
112327 0
112327 0
112327 0
112327 0
112327 0
112327 0
112327 0
112327 0
112327 0
112327 0
112327 0
112327 0
112327 0
112327 0
112327 0
112327 0
112327 0
112327 0
112327 0
112327 0
112327 0
112327 0
112327 0
112327 0
112327 0
112327 0
112327 0
112327 0
112328 0
112328 0
112328 0
112328 0
112328 0
112328 0
112328 0
112328 0
112328 0
112328 0
112328 0
112328 0
112328 0
112328 0
112328 0
112328 0
112328 0
112328 0
112328 0
112328 0
112328 0
112328 0
112328 0
112328 0
112328 0
112328 0
112328 0
112328 0
112328 0
112328 0
112328 0
112328 0
112328 0
112329 0
112329 0
112329 0
112329 0
112329 0
112329 0
112329 0
112329 0
112329 0
112329 0
112329 0
112329 0
112329 0
112329 0
112329 0
112329 0
112329 0
112329 0
112329 0
112329 0
112329 0
112329 0
112329 0
112329 0
112329 0
112329 0
112329 0
112329 0
112330 0
112330 0
112330 0
112330 0
112330 0
112330 0
112330 0
112330 0
112330 0
112330 0
112330 0
112330 0
112330 0
112330 0
112330 0
112330 0
112330 0
112330 0
112330 0
112330 0
112330 0
112330 0
112330 0
112330 0
112330 0
112330 0
112330 0
112330 0
112330 0
112331 0
112331 0
112331 0
112331 0
112331 0
112331 0
112331 0
112331 0
112331 0
112331 0
112331 0
112331 0
112331 0
112331 0
112331 0
112331 0
112331 0
112331 0
112331 0
112331 0
112331 0
112331 0
112331 0
112331 0
112331 0
112331 0
112331 0
112331 0
112331 0
112331 0
112331 0
112331 0
112332 0
112332 0
112332 0
112332 0
112332 0
112332 0
112332 0
112332 0
112332 0
112332 0
112332 0
112332 0
112332 0
112332 0
112332 0
112332 0
112332 0
112332 0
112332 0
112332 0
112332 0
112332 0
112332 0
112332 0
112332 0
112332 0
112332 0
112332 0
112332 0
112332 0
112333 0
112333 0
112333 0
112333 0
112333 0
112333 0
112333 0
112333 0
112333 0
112333 0
112333 0
112333 0
112333 0
112333 0
112333 0
112333 0
112333 0
112333 0
112333 0
112333 0
112333 0
112333 0
112333 0
112333 0
112333 0
112333 0
112333 0
112333 0
112333 0
112334 0
112334 0
112334 0
112334 0
112334 0
112334 0
112334 0
112334 0
112334 0
112334 0
112334 0
112334 0
112334 0
112334 0
112334 0
112334 0
112334 0
112334 0
112334 0
112334 0
112334 0
112334 0
112334 0
112334 0
112334 0
112334 0
112334 0
112334 0
112334 0
112334 0
112334 0
112334 0
112335 0
112335 0
112335 0
112335 0
112335 0
112335 0
112335 0
112335 0
112335 0
112335 0
112335 0
112335 0
112335 0
112335 0
112335 0
112335 0
112335 0
112335 0
112335 0
112335 0
112335 0
112335 0
112335 0
112335 0
112335 0
112335 0
112335 0
112335 0
112335 0
112336 0
112336 0
112336 0
112336 0
112336 0
112336 0
112336 0
112336 0
112336 0
112336 0
112336 0
112336 0
112336 0
112336 0
112336 0
112336 0
112336 0
112336 0
112336 0
112336 0
112336 0
112336 0
112336 0
112336 0
112336 0
112336 0
112336 0
112336 0
112336 0
112336 0
112337 0
112337 0
112337 0
112337 0
112337 0
112337 0
112337 0
112337 0
112337 0
112337 0
112337 0
112337 0
112337 0
112337 0
112337 0
112337 0
112337 0
112337 0
112337 0
112337 0
112337 0
112337 0
112337 0
112337 0
112337 0
112337 0
112337 0
112337 0
112338 0
112338 0
112338 0
112338 0
112338 0
112338 0
112338 0
112338 0
112338 0
112338 0
112338 0
112338 0
112338 0
112338 0
112338 0
112338 0
112338 0
112338 0
112338 0
112338 0
112338 0
112338 0
112338 1 0 39 680 789
112338 1 0 39 680 789
112338 1 0 39 680 789
112338 1 0 39 680 789
112338 0
112338 0
112338 0
112338 0
112338 0
112338 0
112338 0
112338 0
112339 0
112339 0
112339 0
112339 0
112339 0
112339 0
112339 0
112339 0
112339 0
112339 0
112339 0
112339 0
112339 0
112339 0
112339 0
112339 0
112339 0
112339 0
112339 0
112339 0
112339 0
112339 0
112339 0
112339 0
112339 0
112339 0
112340 0
112340 0
112340 0
112340 0
112340 0
112340 0
112340 0
112340 0
112340 0
112340 0
112340 0
112340 0
112340 0
112340 0
112340 0
112340 0
112340 0
112340 0
112340 0
112340 0
112340 0
112340 0
112340 0
112340 0
112340 0
112340 0
112340 0
112340 0
112340 0
112340 0
112340 0
112341 0
112341 0
112341 0
112341 0
112341 0
112341 0
112341 0
112341 0
112341 0
112341 0
112341 0
112341 0
112341 0
112341 0
112341 0
112341 0
112341 0
112341 0
112341 0
112341 0
112341 0
112341 0
112341 0
112341 0
112341 0
112341 0
112341 0
112341 0
112341 0
112342 0
112342 0
112342 0
112342 0
112342 0
112342 0
112342 0
112342 0
112342 0
112342 0
112342 0
112342 0
112342 0
112342 0
112342 0
112342 0
112342 0
112342 0
112342 0
112342 0
112342 0
112342 0
112342 0
112342 0
112342 0
112342 0
112342 0
112342 0
112342 0
112342 0
112343 0
112343 0
112343 0
112343 0
112343 0
112343 0
112343 0
112343 0
112343 0
112343 0
112343 0
112343 0
112343 0
112343 0
112343 0
112343 0
112343 0
112343 0
112343 0
112343 0
112343 0
112343 0
112343 0
112343 0
112343 0
112343 0
112343 0
112343 0
112343 0
112343 0
112343 0
112343 0
112344 0
112344 0
112344 0
112344 0
112344 0
112344 0
112344 0
112344 0
112344 0
112344 0
112344 0
112344 0
112344 0
112344 0
112344 0
112344 0
112344 0
112344 0
112344 0
112344 0
112344 0
112344 0
112344 0
112344 0
112344 0
112344 0
112344 0
112344 0
112344 0
112345 0
112345 0
112345 0
112345 0
112345 0
112345 0
112345 0
112345 0
112345 0
112345 0
112345 0
112345 0
112345 0
112345 0
112345 0
112345 0
112345 0
112345 0
112345 0
112345 0
112345 0
112345 0
112345 0
112345 0
112345 0
112345 0
112345 0
112345 0
112345 0
112346 0
112346 0
112346 0
112346 0
112346 0
112346 0
112346 0
112346 0
112346 0
112346 0
112346 0
112346 0
112346 0
112346 0
112346 0
112346 0
112346 0
112346 0
112346 0
112346 0
112346 0
112346 0
112346 0
112346 0
112346 0
112346 0
112346 0
112346 0
112346 0
112346 0
112346 0
112346 0
112346 0
112347 0
112347 0
112347 0
112347 0
112347 0
112347 0
112347 0
112347 0
112347 0
112347 0
112347 0
112347 0
112347 0
112347 0
112347 0
112347 0
112347 0
112347 0
112347 0
112347 0
112347 0
112347 0
112347 0
112347 0
112347 0
112347 0
112347 0
112347 0
112347 0
112348 0
112348 0
112348 0
112348 0
112348 0
112348 0
112348 0
112348 0
112348 0
112348 0
112348 0
112348 0
112348 0
112348 0
112348 0
112348 0
112348 0
112348 0
112348 0
112348 0
112348 0
112348 0
112348 0
112348 0
112348 0
112348 0
112348 0
112348 0
112348 0
112349 0
112349 0
112349 0
112349 0
112349 0
112349 0
112349 0
112349 0
112349 0
112349 0
112349 0
112349 0
112349 0
112349 0
112349 0
112349 0
112349 0
112349 0
112349 0
112349 0
112349 0
112349 0
112349 0
112349 0
112349 0
112349 0
112349 0
112349 0
112349 0
112350 0
112350 0
112350 0
112350 0
112350 0
112350 0
112350 0
112350 0
112350 0
112350 0
112350 0
112350 0
112350 0
112350 0
112350 0
112350 0
112350 0
112350 0
112350 0
112350 0
112350 0
112350 0
112350 0
112350 0
112350 0
112350 0
112350 0
112350 0
112350 0
112350 0
112350 0
112350 0
112351 0
112351 0
112351 0
112351 0
112351 0
112351 0
112351 0
112351 0
112351 0
112351 0
112351 0
112351 0
112351 0
112351 0
112351 0
112351 0
112351 0
112351 0
112351 0
112351 0
112351 0
112351 0
112351 0
112351 0
112351 0
112351 0
112351 0
112351 0
112351 0
112352 0
112352 0
112352 0
112352 0
112352 0
112352 0
112352 0
112352 0
112352 0
112352 0
112352 0
112352 0
112352 0
112352 0
112352 0
112352 0
112352 0
112352 0
112352 0
112352 0
112352 0
112352 0
112352 0
112352 0
112352 0
112352 0
112352 0
112352 0
112352 0
112353 0
112353 0
112353 0
112353 0
112353 0
112353 0
112353 0
112353 0
112353 0
112353 0
112353 0
112353 0
112353 0
112353 0
112353 0
112353 0
112353 0
112353 0
112353 0
112353 0
112353 0
112353 0
112353 0
112353 0
112353 0
112353 0
112353 0
112353 0
112353 0
112353 0
112353 0
112354 0
112354 0
112354 0
112354 0
112354 0
112354 0
112354 0
112354 0
112354 0
112354 0
112354 0
112354 0
112354 0
112354 0
112354 0
112354 0
112354 0
112354 0
112354 0
112354 0
112354 0
112354 0
112354 0
112354 0
112354 0
112354 0
112354 0
112354 0
112354 0
112355 0
112355 0
112355 0
112355 0
112355 0
112355 0
112355 0
112355 0
112355 0
112355 0
112355 0
112355 0
112355 0
112355 0
112355 0
112355 0
112355 0
112355 0
112355 0
112355 0
112355 0
112355 0
112355 0
112355 0
112355 0
112355 0
112355 0
112355 0
112355 0
112355 0
112355 0
112355 0
112355 0
112356 0
112356 0
112356 0
112356 0
112356 0
112356 0
112356 0
112356 0
112356 0
112356 0
112356 0
112356 0
112356 0
112356 0
112356 0
112356 0
112356 0
112356 0
112356 0
112356 0
112356 0
112356 0
112356 0
112356 0
112356 0
112356 0
112356 0
112356 0
112357 0
112357 0
112357 0
112357 0
112357 0
112357 0
112357 0
112357 0
112357 0
112357 0
112357 0
112357 0
112357 0
112357 0
112357 0
112357 0
112357 0
112357 0
112357 0
112357 0
112357 0
112357 0
112357 0
112357 0
112357 0
112357 0
112357 0
112357 0
112357 0
112357 0
112357 0
112357 0
112358 0
112358 0
112358 0
112358 0
112358 0
112358 0
112358 0
112358 0
112358 0
112358 0
112358 0
112358 0
112358 0
112358 0
112358 0
112358 0
112358 0
112358 0
112358 0
112358 0
112358 0
112358 0
112358 0
112358 0
112358 0
112358 0
112358 0
112358 0
112358 0
112359 0
112359 0
112359 0
112359 0
112359 0
112359 0
112359 0
112359 0
112359 0
112359 0
112359 0
112359 0
112359 0
112359 0
112359 0
112359 0
112359 0
112359 0
112359 0
112359 0
112359 0
112359 0
112359 0
112359 0
112359 0
112359 0
112359 0
112359 0
112359 0
112359 0
112400 0
112400 0
112400 0
112400 0
112400 0
112400 0
112400 0
112400 0
112400 0
112400 0
112400 0
112400 0
112400 0
112400 0
112400 0
112400 0
112400 0
112400 0
112400 0
112400 0
112400 0
112400 0
112400 0
112400 0
112400 0
112400 0
112400 0
112400 0
112400 0
112400 0
112401 0
112401 0
112401 0
112401 0
112401 0
112401 0
112401 0
112401 0
112401 0
112401 0
112401 0
112401 0
112401 0
112401 0
112401 0
112401 0
112401 0
112401 0
112401 0
112401 0
112401 0
112401 0
112401 0
112401 0
112401 0
112401 0
112401 0
112401 0
112401 0
112402 0
112402 0
112402 0
112402 0
112402 0
112402 0
112402 0
112402 0
112402 0
112402 0
112402 0
112402 0
112402 0
112402 0
112402 0
112402 0
112402 0
112402 0
112402 0
112402 0
112402 0
112402 0
112402 0
112402 0
112402 0
112402 0
112402 0
112402 0
112402 0
112402 0
112402 0
112402 0
112403 0
112403 0
112403 0
112403 0
112403 0
112403 0
112403 0
112403 0
112403 0
112403 0
112403 0
112403 0
112403 0
112403 0
112403 0
112403 0
112403 0
112403 0
112403 0
112403 0
112403 0
112403 0
112403 0
112403 0
112403 0
112403 0
112403 0
112403 0
112403 0
112404 0
112404 0
112404 0
112404 0
112404 0
112404 0
112404 0
112404 0
112404 0
112404 0
112404 0
112404 0
112404 0
112404 0
112404 0
112404 0
112404 0
112404 0
112404 0
112404 0
112404 0
112404 0
112404 0
112404 0
112404 0
112404 0
112404 0
112404 0
112404 0
112405 0
112405 0
112405 0
112405 0
112405 0
112405 0
112405 0
112405 0
112405 0
112405 0
112405 0
112405 0
112405 0
112405 0
112405 0
112405 0
112405 0
112405 0
112405 0
112405 0
112405 0
112405 0
112405 0
112405 0
112405 0
112405 0
112405 0
112405 0
112405 0
112405 0
112405 0
112406 0
112406 0
112406 0
112406 0
112406 0
112406 0
112406 0
112406 0
112406 0
112406 0
112406 0
112406 0
112406 0
112406 0
112406 0
112406 0
112406 0
112406 0
112406 0
112406 0
112406 0
112406 0
112406 0
112406 0
112406 0
112406 0
112406 0
112406 0
112406 0
112406 0
112406 0
112407 0
112407 0
112407 0
112407 0
112407 0
112407 0
112407 0
112407 0
112407 0
112407 0
112407 0
112407 0
112407 0
112407 0
112407 0
112407 0
112407 0
112407 0
112407 0
112407 0
112407 0
112407 0
112407 0
112407 0
112407 0
112407 0
112407 0
112407 0
112407 0
112408 0
112408 0
112408 0
112408 0
112408 0
112408 0
112408 0
112408 0
112408 0
112408 0
112408 0
112408 0
112408 0
112408 0
112408 0
112408 0
112408 0
112408 0
112408 0
112408 0
112408 0
112408 0
112408 0
112408 0
112408 0
112408 0
112408 0
112408 0
112408 0
112409 0
112409 0
112409 0
112409 0
112409 0
112409 0
112409 0
112409 0
112409 0
112409 0
112409 0
112409 0
112409 0
112409 0
112409 0
112409 0
112409 0
112409 0
112409 0
112409 0
112409 0
112409 0
112409 0
112409 0
112409 0
112409 0
112409 0
112409 0
112409 0
112410 0
112410 0
112410 0
112410 0
112410 0
112410 0
112410 0
112410 0
112410 0
112410 0
112410 0
112410 0
112410 0
112410 0
112410 0
112410 0
112410 0
112410 0
112410 0
112410 0
112410 0
112410 0
112410 0
112410 0
112410 0
112410 0
112410 0
112410 0
112410 0
112410 0
112410 0
112410 0
112411 0
112411 0
112411 0
112411 0
112411 0
112411 0
112411 0
112411 0
112411 0
112411 0
112411 0
112411 0
112411 0
112411 0
112411 0
112411 0
112411 0
112411 0
112411 0
112411 0
112411 0
112411 0
112411 0
112411 0
112411 0
112411 0
112411 0
112411 0
112411 0
112411 0
112412 0
112412 0
112412 0
112412 0
112412 0
112412 0
112412 0
112412 0
112412 0
112412 0
112412 0
112412 0
112412 0
112412 0
112412 0
112412 0
112412 0
112412 0
112412 0
112412 0
112412 0
112412 0
112412 0
112412 0
112412 0
112412 0
112412 0
112412 0
112412 0
112413 0
112413 0
112413 0
112413 0
112413 0
112413 0
112413 0
112413 0
112413 0
112413 0
112413 0
112413 0
112413 0
112413 0
112413 0
112413 0
112413 0
112413 0
112413 0
112413 0
112413 0
112413 0
112413 0
112413 0
112413 0
112413 0
112413 0
112413 0
112413 0
112413 0
112413 0
112414 0
112414 0
112414 0
112414 0
112414 0
112414 0
112414 0
112414 0
112414 0
112414 0
112414 0
112414 0
112414 0
112414 0
112414 0
112414 0
112414 0
112414 0
112414 0
112414 0
112414 0
112414 0
112414 0
112414 0
112414 0
112414 0
112414 0
112414 0
112414 0
112415 0
112415 0
112415 0
112415 0
112415 0
112415 0
112415 0
112415 0
112415 0
112415 0
112415 0
112415 0
112415 0
112415 0
112415 0
112415 0
112415 0
112415 0
112415 0
112415 0
112415 0
112415 0
112415 0
112415 0
112415 0
112415 0
112415 0
112415 0
112415 0
112416 0
112416 0
112416 0
112416 0
112416 0
112416 0
112416 0
112416 0
112416 0
112416 0
112416 0
112416 0
112416 0
112416 0
112416 0
112416 0
112416 0
112416 0
112416 0
112416 0
112416 0
112416 0
112416 0
112416 0
112416 0
112416 0
112416 0
112416 0
112416 0
112416 0
112416 0
112417 0
112417 0
112417 0
112417 0
112417 0
112417 1 29 90 207 509
112417 1 29 90 207 509
112417 1 29 90 207 509
112417 1 29 90 207 509
112417 0
112417 0
112417 0
112417 0
112417 0
112417 0
112417 0
112417 0
112417 0
112417 0
112417 0
112417 0
112417 0
112417 0
112417 0
112417 0
112417 1 29 90 207 509
112417 1 29 90 207 509
112417 1 29 90 207 509
112417 1 29 90 207 509
112418 0
112418 0
112418 0
112418 0
112418 0
112418 0
112418 0
112418 0
112418 0
112418 0
112418 0
112418 0
112418 0
112418 0
112418 0
112418 0
112418 0
112418 0
112418 0
112418 0
112418 0
112418 0
112418 0
112418 0
112418 0
112418 0
112418 0
112418 0
112418 0
112418 0
112418 0
112418 0
112419 0
112419 0
112419 0
112419 0
112419 0
112419 0
112419 0
112419 0
112419 0
112419 0
112419 0
112419 0
112419 0
112419 0
112419 0
112419 0
112419 0
112419 0
112419 0
112419 0
112419 0
112419 0
112419 0
112419 0
112419 0
112419 0
112419 0
112419 0
112419 0
112419 0
112419 0
112420 0
112420 0
112420 0
112420 0
112420 0
112420 0
112420 0
112420 0
112420 0
112420 0
112420 0
112420 0
112420 0
112420 0
112420 0
112420 0
112420 0
112420 0
112420 0
112420 0
112420 0
112420 0
112420 0
112420 0
112420 0
112420 0
112420 0
112420 0
112420 0
112420 0
112421 0
112421 0
112421 0
112421 0
112421 0
112421 0
112421 0
112421 0
112421 0
112421 0
112421 0
112421 0
112421 0
112421 0
112421 0
112421 0
112421 0
112421 0
112421 0
112421 0
112421 0
112421 0
112421 0
112421 0
112421 0
112421 0
112421 0
112422 0
112422 0
112422 0
112422 0
112422 0
112422 0
112422 0
112422 0
112422 0
112422 0
112422 0
112422 0
112422 0
112422 0
112422 0
112422 0
112422 0
112422 0
112422 0
112422 0
112422 0
112422 0
112422 0
112422 0
112422 0
112422 0
112422 0
112422 0
112422 0
112422 0
112422 0
112423 0
112423 0
112423 0
112423 0
112423 0
112423 0
112423 0
112423 0
112423 0
112423 0
112423 0
112423 0
112423 0
112423 0
112423 0
112423 0
112423 0
112423 0
112423 0
112423 0
112423 0
112423 0
112423 0
112423 0
112423 0
112423 0
112423 0
112423 0
112423 0
112424 0
112424 0
112424 0
112424 0
112424 0
112424 0
112424 0
112424 0
112424 0
112424 0
112424 0
112424 0
112424 0
112424 0
112424 0
112424 0
112424 0
112424 0
112424 0
112424 0
112424 0
112424 0
112424 0
112424 0
112424 0
112424 0
112424 0
112424 0
112424 0
112424 0
112424 0
112424 0
112424 0
112425 0
112425 0
112425 0
112425 0
112425 0
112425 0
112425 0
112425 0
112425 0
112425 0
112425 0
112425 0
112425 0
112425 0
112425 0
112425 0
112425 0
112425 0
112425 0
112425 0
112425 0
112425 0
112425 0
112425 0
112425 0
112425 0
112425 0
112425 0
112425 0
112425 0
112426 0
112426 0
112426 0
112426 0
112426 0
112426 0
112426 0
112426 0
112426 0
112426 0
112426 0
112426 0
112426 0
112426 0
112426 0
112426 0
112426 0
112426 0
112426 0
112426 0
112426 0
112426 0
112426 0
112426 0
112426 0
112426 0
112426 0
112426 0
112427 0
112427 0
112427 0
112427 0
112427 0
112427 0
112427 0
112427 0
112427 0
112427 0
112427 0
112427 0
112427 0
112427 0
112427 0
112427 0
112427 0
112427 0
112427 0
112427 0
112427 0
112427 0
112427 0
112427 0
112427 0
112427 0
112427 0
112427 0
112427 0
112428 0
112428 0
112428 0
112428 0
112428 0
112428 0
112428 0
112428 0
112428 0
112428 0
112428 0
112428 0
112428 0
112428 0
112428 0
112428 0
112428 0
112428 0
112428 0
112428 0
112428 0
112428 0
112428 0
112428 0
112428 0
112428 0
112428 0
112428 0
112428 0
112428 0
112428 0
112428 0
112429 0
112429 0
112429 0
112429 0
112429 0
112429 0
112429 0
112429 0
112429 0
112429 0
112429 0
112429 0
112429 0
112429 0
112429 0
112429 0
112429 0
112429 0
112429 0
112429 0
112429 0
112429 0
112429 0
112429 0
112429 0
112429 0
112429 0
112429 0
112429 0
112430 0
112430 0
112430 0
112430 0
112430 0
112430 0
112430 0
112430 0
112430 0
112430 0
112430 0
112430 0
112430 0
112430 0
112430 0
112430 0
112430 0
112430 0
112430 0
112430 0
112430 0
112430 0
112430 0
112430 0
112430 0
112430 0
112430 0
112430 0
112430 0
112431 0
112431 0
112431 0
112431 0
112431 0
112431 0
112431 0
112431 0
112431 1 9 225 967 784
112431 1 9 225 967 784
112431 1 9 225 967 784
112431 1 9 225 967 784
112431 1 9 225 967 784
112431 1 32 63 966 784
112431 1 32 63 966 784
112431 1 32 63 966 784
112431 1 32 51 966 784
112431 1 32 51 966 784
112431 1 32 51 966 784
112431 1 32 51 966 784
112431 1 32 45 965 783
112431 1 32 45 965 783
112431 1 32 45 965 783
112431 1 32 26 964 783
112431 1 32 26 964 783
112431 1 32 26 964 783
112431 1 32 26 964 783
112431 1 32 18 964 783
112431 1 32 18 964 783
112431 1 32 18 964 783
112431 1 32 18 964 783
112432 0
112432 0
112432 0
112432 0
112432 1 32 0 963 781
112432 1 32 0 963 781
112432 1 32 0 963 781
112432 1 32 0 963 781
112432 1 32 0 963 781
112432 1 32 347 963 781
112432 1 32 347 963 781
112432 1 32 347 963 781
112432 1 32 347 963 781
112432 0
112432 0
112432 0
112432 1 0 0 958 779
112432 1 0 0 958 779
112432 1 0 0 958 779
112432 1 0 0 958 779
112432 0
112432 0
112432 0
112432 0
112432 0
112432 0
112432 0
112432 0
112432 0
112432 0
112432 0
112432 0
112433 0
112433 0
112433 0
112433 0
112433 1 32 0 933 781
112433 1 32 0 933 781
112433 1 32 0 933 781
112433 1 32 0 933 781
112433 1 32 0 933 781
112433 1 32 0 932 780
112433 1 32 0 932 780
112433 1 32 0 932 780
112433 1 32 0 932 780
112433 1 32 0 933 780
112433 1 32 0 933 780
112433 1 32 0 933 780
112433 1 32 0 933 780
112433 0
112433 0
112433 0
112433 0
112433 0
112433 0
112433 0
112433 0
112433 0
112433 1 32 315 933 777
112433 1 32 315 933 777
112433 1 32 315 933 777
112434 0
112434 0
112434 0
112434 0
112434 0
112434 0
112434 0
112434 0
112434 0
112434 0
112434 0
112434 0
112434 0
112434 0
112434 0
112434 0
112434 0
112434 0
112434 0
112434 0
112434 0
112434 0
112434 0
112434 0
112434 0
112434 0
112434 0
112434 0
112434 0
112434 0
112434 0
112435 0
112435 0
112435 0
112435 0
112435 0
112435 0
112435 0
112435 0
112435 0
112435 0
112435 0
112435 0
112435 0
112435 0
112435 0
112435 0
112435 0
112435 0
112435 0
112435 0
112435 0
112435 0
112435 0
112435 0
112435 0
112435 0
112435 0
112436 0
112436 0
112436 0
112436 1 32 270 930 661
112436 1 32 270 930 661
112436 1 32 270 930 661
112436 1 32 270 930 661
112436 0
112436 0
112436 0
112436 0
112436 0
112436 0
112436 0
112436 0
112436 0
112436 0
112436 0
112436 0
112436 0
112436 0
112436 0
112436 0
112436 0
112436 1 32 270 927 604
112436 1 32 270 927 604
112436 1 32 270 927 604
112436 1 32 270 927 592
112436 1 32 270 927 592
112436 1 32 270 927 592
112436 1 32 270 927 592
112436 1 32 270 927 592
112437 1 32 270 927 581
112437 1 32 270 927 581
112437 1 32 270 927 581
112437 1 32 270 927 581
112437 0
112437 0
112437 0
112437 0
112437 0
112437 0
112437 0
112437 0
112437 0
112437 0
112437 0
112437 1 32 270 926 530
112437 1 32 270 926 530
112437 1 32 270 926 530
112437 1 32 270 926 530
112437 1 32 270 926 519
112437 1 32 270 926 519
112437 1 32 270 926 519
112437 1 32 270 926 519
112437 0
112437 0
112437 0
112437 0
112437 1 32 270 927 496
112437 1 32 270 927 496
112437 1 32 270 927 496
112438 1 32 270 926 485
112438 1 32 270 926 485
112438 1 32 270 926 485
112438 1 32 270 926 485
112438 0
112438 0
112438 0
112438 0
112438 1 32 270 926 462
112438 1 32 270 926 462
112438 1 32 270 926 462
112438 1 32 270 926 462
112438 1 32 270 926 451
112438 1 32 270 926 451
112438 1 32 270 926 451
112438 1 32 270 926 451
112438 0
112438 0
112438 0
112438 0
112438 1 32 270 926 423
112438 1 32 270 926 423
112438 1 32 270 926 423
112438 1 32 270 926 423
112438 0
112438 0
112438 0
112439 0
112439 0
112439 0
112439 0
112439 0
112439 0
112439 0
112439 0
112439 0
112439 0
112439 0
112439 0
112439 0
112439 1 32 270 926 366
112439 1 32 270 926 366
112439 1 32 270 926 366
112439 1 32 270 926 366
112439 0
112439 0
112439 0
112439 0
112439 1 32 270 926 338
112439 1 32 270 926 338
112439 1 32 270 926 338
112439 1 32 270 926 338
112439 0
112439 0
112439 0
112439 0
112439 0
112439 0
112439 0
112439 0
112440 0
112440 0
112440 0
112440 0
112440 0
112440 0
112440 0
112440 0
112440 0
112440 0
112440 0
112440 0
112440 0
112440 0
112440 0
112440 0
112440 0
112440 0
112440 0
112440 0
112440 0
112440 0
112440 0
112440 0
112440 0
112440 0
112440 0
112440 0
112441 1 32 270 926 214
112441 1 32 270 926 214
112441 1 32 270 926 214
112441 1 32 270 926 214
112441 0
112441 0
112441 0
112441 1 32 270 926 191
112441 1 32 270 926 191
112441 1 32 270 926 191
112441 1 32 270 926 191
112441 1 32 270 926 191
112441 1 32 270 926 180
112441 1 32 270 926 180
112441 1 32 270 926 180
112441 1 32 270 926 180
112441 0
112441 0
112441 0
112441 0
112441 0
112441 0
112441 0
112441 0
112441 1 32 270 926 146
112441 1 32 270 926 146
112441 1 32 270 926 146
112441 1 32 270 926 146
112441 0
112441 0
112441 0
112441 0
112442 1 32 270 927 117
112442 1 32 270 927 117
112442 1 32 270 927 117
112442 1 32 270 927 117
112442 1 32 270 927 106
112442 1 32 270 927 106
112442 1 32 270 927 106
112442 1 32 270 927 106
112442 2 32 270 927 95 26 61 249 547
112442 2 32 270 927 95 26 61 249 547
112442 2 32 270 927 95 26 61 249 547
112442 0
112442 0
112442 0
112442 0
112442 0
112442 1 32 270 927 72
112442 1 32 270 927 72
112442 1 32 270 927 72
112442 1 32 270 928 55
112442 1 32 270 928 55
112442 1 32 270 928 55
112442 1 32 270 928 55
112442 1 0 270 928 49
112442 1 0 270 928 49
112442 1 0 270 928 49
112442 1 32 270 928 37
112442 1 32 270 928 37
112442 1 32 270 928 37
112442 1 32 270 928 37
112443 0
112443 0
112443 0
112443 0
112443 0
112443 0
112443 0
112443 0
112443 0
112443 0
112443 0
112443 0
112443 1 9 -431602080 271 464
112443 1 9 -431602080 271 464
112443 1 9 -431602080 271 464
112443 1 9 -431602080 271 464
112443 1 9 -431602080 271 464
112443 0
112443 0
112443 0
112443 0
112443 0
112443 0
112443 0
112443 0
112443 0
112443 0
112443 0
112443 0
112444 0
112444 0
112444 0
112444 0
112444 0
112444 0
112444 0
112444 0
112444 0
112444 0
112444 0
112444 0
112444 0
112444 0
112444 0
112444 0
112444 0
112444 0
112444 0
112444 0
112444 0
112444 0
112444 0
112444 0
112444 0
112444 0
112444 0
112444 0
112444 0
112444 0
112445 0
112445 0
112445 0
112445 0
112445 0
112445 0
112445 0
112445 0
112445 0
112445 0
112445 0
112445 0
112445 0
112445 0
112445 0
112445 0
112445 0
112445 0
112445 0
112445 0
112445 0
112445 0
112445 0
112445 0
112445 0
112445 0
112445 0
112445 0
112446 0
112446 0
112446 0
112446 0
112446 0
112446 0
112446 0
112446 0
112446 0
112446 0
112446 0
112446 0
112446 0
112446 0
112446 0
112446 0
112446 0
112446 0
112446 0
112446 0
112446 0
112446 0
112446 0
112446 0
112446 0
112446 0
112446 0
112446 0
112446 0
112446 0
112446 0
112446 0
112446 0
112446 0
112447 0
112447 0
112447 0
112447 0
112447 0
112447 0
112447 0
112447 0
112447 0
112447 0
112447 0
112447 0
112447 0
112447 0
112447 0
112447 0
112447 0
112447 0
112447 0
112447 0
112447 0
112447 0
112447 0
112447 0
112447 0
112447 0
112447 0
112447 0
112447 0
112447 0
112448 0
112448 0
112448 0
112448 0
112448 0
112448 0
112448 0
112448 0
112448 0
112448 0
112448 0
112448 0
112448 0
112448 0
112448 0
112448 0
112448 0
112448 0
112448 0
112448 0
112448 0
112448 0
112448 0
112448 0
112448 0
112448 0
112448 0
112448 0
112449 0
112449 0
112449 0
112449 0
112449 0
112449 0
112449 0
112449 0
112449 0
112449 0
112449 0
112449 0
112449 0
112449 0
112449 0
112449 0
112449 0
112449 0
112449 0
112449 0
112449 0
112449 0
112449 0
112449 0
112449 0
112449 0
112449 0
112449 0
112449 0
112449 0
112450 0
112450 0
112450 0
112450 0
112450 0
112450 0
112450 0
112450 0
112450 0
112450 0
112450 0
112450 0
112450 0
112450 0
112450 0
112450 0
112450 0
112450 0
112450 0
112450 0
112450 0
112450 0
112450 0
112450 0
112450 0
112450 0
112450 0
112450 0
112450 0
112450 0
112451 0
112451 0
112451 0
112451 0
112451 0
112451 0
112451 0
112451 0
112451 0
112451 0
112451 0
112451 0
112451 0
112451 0
112451 0
112451 0
112451 0
112451 0
112451 0
112451 0
112451 0
112451 0
112451 0
112451 0
112451 0
112451 0
112451 0
112451 0
112451 0
112451 0
112451 0
112451 0
112452 0
112452 0
112452 0
112452 0
112452 0
112452 0
112452 0
112452 0
112452 0
112452 0
112452 0
112452 0
112452 0
112452 0
112452 0
112452 0
112452 0
112452 0
112452 0
112452 0
112452 0
112452 0
112452 0
112452 0
112452 0
112452 0
112452 0
112452 0
112453 0
112453 0
112453 0
112453 0
112453 0
112453 0
112453 0
112453 0
112453 0
112453 0
112453 0
112453 0
112453 0
112453 0
112453 0
112453 0
112453 0
112453 0
112453 0
112453 0
112453 0
112453 0
112453 0
112453 0
112453 0
112453 0
112453 0
112453 0
112453 0
112453 0
112453 0
112454 0
112454 0
112454 0
112454 0
112454 0
112454 0
112454 0
112454 0
112454 0
112454 0
112454 0
112454 0
112454 0
112454 0
112454 0
112454 0
112454 0
112454 0
112454 0
112454 0
112454 0
112454 0
112454 0
112454 0
112454 0
112454 0
112454 0
112454 0
112455 0
112455 0
112455 0
112455 0
112455 0
112455 0
112455 0
112455 0
112455 0
112455 0
112455 0
112455 0
112455 0
112455 0
112455 0
112455 0
112455 0
112455 0
112455 0
112455 0
112455 0
112455 0
112455 0
112455 0
112455 0
112455 0
112455 0
112455 0
112455 0
112455 0
112455 0
112455 0
112455 0
112456 0
112456 0
112456 0
112456 0
112456 0
112456 0
112456 0
112456 0
112456 0
112456 0
112456 0
112456 0
112456 0
112456 0
112456 0
112456 0
112456 0
112456 0
112456 0
112456 0
112456 0
112456 0
112456 0
112456 0
112456 1 34 -431602080 184 522
112456 1 34 -431602080 184 522
112456 1 34 -431602080 184 522
112456 1 34 -431602080 184 522
112457 0
112457 0
112457 0
112457 0
112457 0
112457 0
112457 0
112457 0
112457 0
112457 0
112457 0
112457 0
112457 0
112457 0
112457 0
112457 0
112457 0
112457 0
112457 0
112457 0
112457 0
112457 0
112457 0
112457 0
112457 0
112457 0
112457 0
112457 0
112457 0
112457 0
112458 0
112458 0
112458 0
112458 0
112458 0
112458 0
112458 0
112458 0
112458 0
112458 0
112458 0
112458 0
112458 0
112458 0
112458 0
112458 0
112458 0
112458 0
112458 0
112458 0
112458 0
112458 0
112458 0
112458 0
112458 0
112458 0
112458 0
112458 0
112458 0
112458 0
112458 0
112458 0
112459 0
112459 0
112459 0
112459 0
112459 0
112459 0
112459 0
112459 0
112459 0
112459 0
112459 0
112459 0
112459 0
112459 0
112459 0
112459 0
112459 0
112459 0
112459 0
112459 0
112459 0
112459 0
112459 0
112459 0
112459 0
112459 0
112459 0
112459 0
112459 0
112459 0
112459 0
112500 0
112500 0
112500 0
112500 0
112500 0
112500 0
112500 0
112500 0
112500 0
112500 0
112500 0
112500 0
112500 0
112500 0
112500 0
112500 0
112500 0
112500 0
112500 0
112500 0
112500 0
112500 0
112500 0
112500 0
112500 0
112500 0
112500 0
112500 0
112501 0
112501 0
112501 0
112501 0
112501 0
112501 0
112501 0
112501 0
112501 0
112501 0
112501 0
112501 0
112501 0
112501 0
112501 0
112501 0
112501 0
112501 0
112501 0
112501 0
112501 0
112501 0
112501 0
112501 0
112501 0
112501 0
112501 0
112501 0
112501 0
112501 0
112501 0
112502 0
112502 0
112502 0
112502 0
112502 0
112502 0
112502 0
112502 0
112502 0
112502 0
112502 0
112502 0
112502 0
112502 0
112502 0
112502 0
112502 0
112502 0
112502 0
112502 0
112502 0
112502 0
112502 0
112502 0
112502 0
112502 0
112502 0
112503 0
112503 0
112503 0
112503 0
112503 0
112503 0
112503 0
112503 0
112503 0
112503 0
112503 0
112503 0
112503 0
112503 0
112503 0
112503 0
112503 0
112503 0
112503 0
112503 0
112503 0
112503 0
112503 0
112503 0
112503 0
112503 0
112503 0
112503 0
112503 1 0 0 181 522
112503 1 0 0 181 522
112503 1 0 0 181 522
112503 1 0 0 181 522
112504 0
112504 0
112504 0
112504 0
112504 0
112504 0
112504 0
112504 0
112504 0
112504 0
112504 0
112504 0
112504 0
112504 0
112504 0
112504 0
112504 0
112504 0
112504 0
112504 0
112504 0
112504 0
112504 0
112504 0
112504 0
112504 0
112504 0
112504 0
112504 0
112504 0
112505 0
112505 0
112505 0
112505 0
112505 0
112505 0
112505 0
112505 0
112505 0
112505 0
112505 0
112505 0
112505 0
112505 0
112505 0
112505 0
112505 0
112505 0
112505 0
112505 0
112505 0
112505 0
112505 0
112505 0
112505 0
112505 0
112505 0
112505 0
112505 0
112506 0
112506 0
112506 0
112506 0
112506 0
112506 0
112506 0
112506 0
112506 0
112506 0
112506 0
112506 0
112506 0
112506 0
112506 0
112506 0
112506 0
112506 0
112506 0
112506 1 32 90 847 30
112506 1 32 90 847 30
112506 1 32 90 847 30
112506 1 32 90 847 30
112506 1 32 90 847 30
112506 1 32 90 847 42
112506 1 32 90 847 42
112506 1 32 90 847 42
112506 1 32 90 846 53
112506 1 32 90 846 53
112506 1 32 90 846 53
112506 1 32 90 846 53
112507 1 32 90 846 65
112507 1 32 90 846 65
112507 1 32 90 846 65
112507 1 32 90 846 65
112507 1 32 90 846 82
112507 1 32 90 846 82
112507 1 32 90 846 82
112507 1 32 90 846 82
112507 1 32 90 845 93
112507 1 32 90 845 93
112507 1 32 90 845 93
112507 1 32 90 845 93
112507 1 32 90 845 103
112507 1 32 90 845 103
112507 1 32 90 845 103
112507 1 32 90 845 115
112507 1 32 90 845 115
112507 1 32 90 845 115
112507 1 32 90 845 115
112507 1 32 90 845 127
112507 1 32 90 845 127
112507 1 32 90 845 127
112507 1 32 90 845 127
112507 1 32 90 844 138
112507 1 32 90 844 138
112507 1 32 90 844 138
112507 1 32 90 844 138
112507 1 32 90 844 138
112508 1 32 90 844 150
112508 1 32 90 844 150
112508 1 32 90 844 150
112508 1 32 90 844 150
112508 1 32 90 843 166
112508 1 32 90 843 166
112508 1 32 90 843 166
112508 1 32 90 843 166
112508 1 32 90 843 166
112508 1 32 90 843 178
112508 1 32 90 843 178
112508 1 32 90 843 178
112508 1 32 90 843 178
112508 1 32 90 843 189
112508 1 32 90 843 189
112508 1 32 90 843 189
112508 1 32 90 843 189
112508 1 32 90 843 189
112508 1 32 90 843 206
112508 1 32 90 843 206
112508 1 32 90 843 206
112508 1 32 90 843 206
112508 1 32 90 842 217
112508 1 32 90 842 217
112508 1 32 90 842 217
112508 1 32 90 842 217
112508 1 32 90 842 228
112508 1 32 90 842 228
112508 1 32 90 842 228
112508 1 32 90 842 228
112509 1 32 90 842 245
112509 1 32 90 842 245
112509 1 32 90 842 245
112509 1 32 90 842 245
112509 1 32 90 842 256
112509 1 32 90 842 256
112509 1 32 90 842 256
112509 1 32 90 842 256
112509 0
112509 0
112509 0
112509 0
112509 0
112509 0
112509 0
112509 0
112509 1 32 90 842 290
112509 1 32 90 842 290
112509 1 32 90 842 290
112509 0
112509 0
112509 0
112509 0
112509 0
112509 0
112509 1 32 90 842 313
112509 1 32 90 842 313
112509 1 32 90 842 313
112509 1 32 90 842 330
112509 1 32 90 842 330
112509 1 32 90 842 330
112509 1 32 90 842 330
112510 0
112510 0
112510 0
112510 0
112510 1 32 90 842 352
112510 1 32 90 842 352
112510 1 32 90 842 352
112510 1 32 90 841 363
112510 1 32 90 841 363
112510 1 32 90 841 363
112510 1 32 90 841 363
112510 1 32 90 841 375
112510 1 32 90 841 375
112510 1 32 90 841 375
112510 1 32 90 841 375
112510 1 32 90 841 387
112510 1 32 90 841 387
112510 1 32 90 841 387
112510 1 32 90 841 387
112510 1 32 90 841 398
112510 1 32 90 841 398
112510 1 32 90 841 398
112510 1 32 90 841 398
112510 1 32 90 841 414
112510 1 32 90 841 414
112510 1 32 90 841 414
112510 1 32 90 841 414
112510 1 32 90 840 425
112510 1 32 90 840 425
112510 1 32 90 840 425
112511 1 32 90 840 437
112511 1 32 90 840 437
112511 1 32 90 840 437
112511 1 32 90 840 437
112511 1 32 90 840 443
112511 1 32 90 840 443
112511 1 32 90 840 443
112511 1 32 90 840 454
112511 1 32 90 840 454
112511 1 32 90 840 454
112511 1 32 90 840 454
112511 1 32 90 840 454
112511 1 32 90 839 465
112511 1 32 90 839 465
112511 1 32 90 839 465
112511 1 32 90 839 477
112511 1 32 90 839 477
112511 1 32 90 839 477
112511 1 32 90 839 477
112511 1 32 90 839 489
112511 1 32 90 839 489
112511 1 32 90 839 489
112511 1 32 90 839 489
112511 1 32 90 839 489
112511 1 32 90 839 505
112511 1 32 90 839 505
112511 1 32 90 839 505
112511 1 32 90 838 517
112511 1 32 90 838 517
112511 1 32 90 838 517
112511 1 32 90 838 517
112512 1 32 90 838 528
112512 1 32 90 838 528
112512 1 32 90 838 528
112512 1 32 90 838 528
112512 0
112512 0
112512 0
112512 1 32 90 837 550
112512 1 32 90 837 550
112512 1 32 90 837 550
112512 1 32 90 837 550
112512 1 32 90 837 550
112512 1 32 90 837 562
112512 1 32 90 837 562
112512 1 32 90 837 562
112512 1 32 90 837 562
112512 1 32 90 837 562
112512 1 32 90 837 579
112512 1 32 90 837 579
112512 1 32 90 837 579
112512 1 32 90 836 590
112512 1 32 90 836 590
112512 1 32 90 836 590
112512 1 32 90 836 590
112512 1 32 90 836 590
112512 1 32 90 836 601
112512 1 32 90 836 601
112512 1 32 90 836 601
112513 1 32 90 836 619
112513 1 32 90 836 619
112513 1 32 90 836 619
112513 1 32 90 836 619
112513 1 32 90 835 625
112513 1 32 90 835 625
112513 1 32 90 835 625
112513 1 32 90 835 625
112513 1 32 90 835 637
112513 1 32 90 835 637
112513 1 32 90 835 637
112513 1 32 90 835 637
112513 1 32 90 834 653
112513 1 32 90 834 653
112513 1 32 90 834 653
112513 1 32 90 834 653
112513 1 32 90 835 664
112513 1 32 90 835 664
112513 1 32 90 835 664
112513 1 32 90 835 664
112513 1 32 90 834 675
112513 1 32 90 834 675
112513 1 32 90 834 675
112513 1 32 90 834 675
112513 1 32 90 834 675
112513 1 32 90 833 687
112513 1 32 90 833 687
112513 1 32 90 833 687
112513 0
112513 0
112513 0
112513 0
112514 1 32 90 833 710
112514 1 32 90 833 710
112514 1 32 90 833 710
112514 0
112514 0
112514 0
112514 0
112514 1 32 90 833 732
112514 1 32 90 833 732
112514 1 32 90 833 732
112514 1 32 90 833 732
112514 0
112514 0
112514 0
112514 0
112514 0
112514 0
112514 0
112514 0
112514 0
112514 0
112514 0
112514 0
112514 1 32 90 832 783
112514 1 32 90 832 783
112514 1 32 90 832 783
112514 1 32 90 832 783
112515 1 32 85 832 794
112515 1 32 85 832 794
112515 1 32 85 832 794
112515 1 32 85 832 794
112515 1 32 85 832 794
112515 1 32 90 831 805
112515 1 32 90 831 805
112515 1 32 90 831 805
112515 0
112515 0
112515 0
112515 0
112515 0
112515 0
112515 0
112515 0
112515 0
112515 0
112515 0
112515 0
112515 0
112515 0
112515 0
112515 0
112515 0
112515 0
112515 0
112515 0
112515 0
112515 0
112515 0
112515 0
112516 0
112516 0
112516 0
112516 0
112516 0
112516 0
112516 0
112516 0
112516 0
112516 0
112516 0
112516 0
112516 0
112516 0
112516 0
112516 0
112516 1 32 53 828 834
112516 1 32 53 828 834
112516 1 32 53 828 834
112516 0
112516 0
112516 0
112516 0
112516 0
112516 1 32 56 827 837
112516 1 32 56 827 837
112516 1 32 56 827 837
112516 0
112516 0
112516 0
112516 0
112517 0
112517 0
112517 0
112517 0
112517 1 32 45 823 841
112517 1 32 45 823 841
112517 1 32 45 823 841
112517 1 32 45 823 841
112517 1 32 45 823 841
112517 0
112517 0
112517 0
112517 0
112517 1 32 45 820 843
112517 1 32 45 820 843
112517 1 32 45 820 843
112517 0
112517 0
112517 0
112517 0
112517 0
112517 0
112517 0
112517 0
112517 0
112517 0
112517 0
112517 0
112518 1 3 -431602080 174 507
112518 1 3 -431602080 174 507
112518 1 3 -431602080 174 507
112518 1 3 -431602080 174 507
112518 0
112518 0
112518 0
112518 0
112518 1 32 45 807 859
112518 1 32 45 807 859
112518 1 32 45 807 859
112518 1 32 45 807 859
112518 1 32 45 807 859
112518 1 32 45 807 859
112518 1 32 45 807 859
112518 1 32 45 807 859
112518 1 32 26 807 858
112518 1 32 26 807 858
112518 1 32 26 807 858
112518 1 32 14 806 858
112518 1 32 14 806 858
112518 1 32 14 806 858
112518 1 32 14 806 858
112518 0
112518 0
112518 0
112518 0
112518 0
112518 0
112518 0
112518 0
112518 0
112519 1 32 18 799 861
112519 1 32 18 799 861
112519 1 32 18 799 861
112519 1 32 26 793 863
112519 1 32 26 793 863
112519 1 32 26 793 863
112519 1 32 26 793 863
112519 0
112519 0
112519 0
112519 1 32 38 785 870
112519 1 32 38 785 870
112519 1 32 38 785 870
112519 1 32 38 785 870
112519 1 32 38 785 870
112519 0
112519 0
112519 0
112519 0
112519 0
112519 0
112519 0
112519 0
112519 0
112519 0
112519 0
112519 1 32 0 780 870
112519 1 32 0 780 870
112519 1 32 0 780 870
112519 1 32 0 780 870
112520 1 32 350 779 869
112520 1 32 350 779 869
112520 1 32 350 779 869
112520 1 32 350 779 869
112520 0
112520 0
112520 0
112520 0
112520 0
112520 0
112520 0
112520 0
112520 0
112520 1 32 0 770 869
112520 1 32 0 770 869
112520 1 32 0 770 869
112520 1 32 0 770 869
112520 0
112520 0
112520 0
112520 0
112520 0
112520 0
112520 0
112520 0
112520 0
112520 0
112520 0
112520 0
112520 0
112521 1 32 0 770 869
112521 1 32 0 770 869
112521 1 32 0 770 869
112521 1 32 0 770 869
112521 1 0 0 769 868
112521 1 0 0 769 868
112521 1 0 0 769 868
112521 1 32 333 769 868
112521 1 32 333 769 868
112521 1 32 333 769 868
112521 1 32 333 769 868
112521 1 32 333 769 868
112521 0
112521 0
112521 0
112521 0
112521 0
112521 0
112521 0
112521 0
112521 0
112521 0
112521 0
112521 0
112521 0
112521 0
112521 0
112521 0
112522 0
112522 0
112522 0
112522 0
112522 0
112522 0
112522 0
112522 0
112522 0
112522 0
112522 0
112522 0
112522 0
112522 0
112522 0
112522 1 32 270 772 857
112522 1 32 270 772 857
112522 1 32 270 772 857
112522 0
112522 0
112522 0
112522 0
112522 0
112522 0
112522 0
112522 0
112522 0
112522 0
112522 0
112522 0
112523 0
112523 0
112523 0
112523 0
112523 0
112523 0
112523 0
112523 0
112523 0
112523 0
112523 0
112523 0
112523 1 32 270 769 782
112523 1 32 270 769 782
112523 1 32 270 769 782
112523 1 32 270 769 782
112523 0
112523 0
112523 0
112523 0
112523 0
112523 2 8 -431602080 373 266 0 270 767 759
112523 2 8 -431602080 373 266 0 270 767 759
112523 2 8 -431602080 373 266 0 270 767 759
112523 0
112523 0
112523 0
112523 0
112523 1 32 270 766 737
112523 1 32 270 766 737
112523 1 32 270 766 737
112523 1 32 270 766 737
112524 0
112524 0
112524 0
112524 0
112524 0
112524 0
112524 0
112524 0
112524 0
112524 0
112524 0
112524 1 32 270 764 687
112524 1 32 270 764 687
112524 1 32 270 764 687
112524 1 32 270 764 687
112524 1 32 270 764 687
112524 1 9 0 763 675
112524 1 9 0 763 675
112524 1 9 0 763 675
112524 0
112524 0
112524 0
112524 0
112524 0
112524 1 32 270 762 653
112524 1 32 270 762 653
112524 1 32 270 762 653
112525 1 32 270 762 641
112525 1 32 270 762 641
112525 1 32 270 762 641
112525 1 32 270 762 641
112525 1 32 270 762 641
112525 1 32 270 761 624
112525 1 32 270 761 624
112525 1 32 270 761 624
112525 1 32 270 761 613
112525 1 32 270 761 613
112525 1 32 270 761 613
112525 1 32 270 761 613
112525 1 32 270 761 613
112525 1 32 270 761 602
112525 1 32 270 761 602
112525 1 32 270 761 602
112525 1 32 270 761 590
112525 1 32 270 761 590
112525 1 32 270 761 590
112525 1 32 270 761 590
112525 1 32 270 761 579
112525 1 32 270 761 579
112525 1 32 270 761 579
112525 1 32 270 761 579
112525 1 32 270 761 567
112525 1 32 270 761 567
112525 1 32 270 761 567
112525 1 32 270 761 567
112525 1 32 270 761 556
112525 1 32 270 761 556
112525 1 32 270 761 556
112525 1 32 270 761 556
112526 1 32 270 761 545
112526 1 32 270 761 545
112526 1 32 270 761 545
112526 1 32 270 761 545
112526 1 32 270 761 528
112526 1 32 270 761 528
112526 1 32 270 761 528
112526 1 32 270 761 528
112526 1 32 270 761 528
112526 1 32 270 760 516
112526 1 32 270 760 516
112526 1 32 270 760 516
112526 1 32 270 760 516
112526 1 32 270 760 516
112526 1 32 270 760 499
112526 1 32 270 760 499
112526 1 32 270 760 499
112526 1 32 270 759 488
112526 1 32 270 759 488
112526 1 32 270 759 488
112526 1 32 270 759 488
112526 0
112526 0
112526 0
112526 0
112526 1 32 270 760 465
112526 1 32 270 760 465
112526 1 32 270 760 465
112526 1 32 270 760 465
112527 1 32 270 760 454
112527 1 32 270 760 454
112527 1 32 270 760 454
112527 1 32 270 760 454
112527 1 32 270 759 442
112527 1 32 270 759 442
112527 1 32 270 759 442
112527 1 32 270 759 442
112527 1 32 270 760 426
112527 1 32 270 760 426
112527 1 32 270 760 426
112527 1 32 270 760 426
112527 1 32 270 759 414
112527 1 32 270 759 414
112527 1 32 270 759 414
112527 1 32 270 759 403
112527 1 32 270 759 403
112527 1 32 270 759 403
112527 1 32 270 759 403
112527 1 32 270 759 403
112527 1 32 270 759 391
112527 1 32 270 759 391
112527 1 32 270 759 391
112527 1 32 270 759 391
112527 1 32 270 759 380
112527 1 32 270 759 380
112527 1 32 270 759 380
112527 1 32 270 759 380
112527 1 32 270 759 363
112527 1 32 270 759 363
112527 1 32 270 759 363
112527 1 32 270 759 363
112528 1 32 270 759 352
112528 1 32 270 759 352
112528 1 32 270 759 352
112528 1 36 180 759 339
112528 1 36 180 759 339
112528 1 36 180 759 339
112528 1 36 180 759 339
112528 1 32 270 758 335
112528 1 32 270 758 335
112528 1 32 270 758 335
112528 1 32 270 758 335
112528 1 32 270 759 318
112528 1 32 270 759 318
112528 1 32 270 759 318
112528 1 32 270 759 318
112528 1 32 270 759 307
112528 1 32 270 759 307
112528 1 32 270 759 307
112528 1 32 270 759 307
112528 1 32 270 759 295
112528 1 32 270 759 295
112528 1 32 270 759 295
112528 1 32 270 759 295
112528 1 32 270 759 284
112528 1 32 270 759 284
112528 1 32 270 759 284
112528 1 32 270 759 284
112529 1 32 270 759 273
112529 1 32 270 759 273
112529 1 32 270 759 273
112529 1 32 270 759 273
112529 1 32 270 759 273
112529 0
112529 0
112529 0
112529 1 32 270 759 245
112529 1 32 270 759 245
112529 1 32 270 759 245
112529 1 32 270 759 245
112529 1 32 270 759 234
112529 1 32 270 759 234
112529 1 32 270 759 234
112529 1 32 270 759 234
112529 1 32 270 758 222
112529 1 32 270 758 222
112529 1 32 270 758 222
112529 1 32 270 758 222
112529 1 32 270 758 222
112529 1 32 270 759 211
112529 1 32 270 759 211
112529 1 32 270 759 211
112529 1 32 270 759 211
112529 1 32 270 758 194
112529 1 32 270 758 194
112529 1 32 270 758 194
112529 1 32 270 758 194
112529 1 32 270 758 194
112530 1 32 270 758 183
112530 1 32 270 758 183
112530 1 32 270 758 183
112530 1 32 270 758 183
112530 0
112530 0
112530 0
112530 0
112530 1 32 270 759 155
112530 1 32 270 759 155
112530 1 32 270 759 155
112530 1 32 270 759 155
112530 1 32 270 758 143
112530 1 32 270 758 143
112530 1 32 270 758 143
112530 1 32 270 758 132
112530 1 32 270 758 132
112530 1 32 270 758 132
112530 1 32 270 758 132
112530 1 32 270 758 132
112530 1 32 270 758 121
112530 1 32 270 758 121
112530 1 32 270 758 121
112530 1 32 270 758 110
112530 1 32 270 758 110
112530 1 32 270 758 110
112530 1 32 270 758 110
112530 1 32 270 758 99
112530 1 32 270 758 99
112530 1 32 270 758 99
112530 1 32 270 758 99
112531 1 32 270 758 88
112531 1 32 270 758 88
112531 1 32 270 758 88
112531 1 32 270 758 88
112531 0
112531 0
112531 0
112531 0
112531 1 32 270 758 59
112531 1 32 270 758 59
112531 1 32 270 758 59
112531 1 32 270 758 59
112531 1 32 270 758 48
112531 1 32 270 758 48
112531 1 32 270 758 48
112531 0
112531 0
112531 0
112531 0
112531 1 32 270 758 28
112531 1 32 270 758 28
112531 1 32 270 758 28
112531 1 32 270 758 28
112531 1 32 270 758 19
112531 1 32 270 758 19
112531 1 32 270 758 19
112531 1 32 270 758 19
112531 0
112531 0
112531 0
112531 0
112532 0
112532 0
112532 0
112532 0
112532 0
112532 0
112532 0
112532 0
112532 0
112532 0
112532 0
112532 0
112532 0
112532 0
112532 0
112532 0
112532 0
112532 0
112532 0
112532 0
112532 0
112532 0
112532 0
112532 0
112532 0
112532 0
112532 0
112532 0
112532 0
112532 0
112533 0
112533 0
112533 0
112533 0
112533 0
112533 0
112533 0
112533 0
112533 0
112533 0
112533 0
112533 0
112533 0
112533 0
112533 0
112533 0
112533 0
112533 0
112533 0
112533 0
112533 0
112533 0
112533 0
112533 0
112533 0
112533 0
112533 0
112533 0
112533 0
112533 0
112533 0
112534 0
112534 0
112534 0
112534 0
112534 0
112534 0
112534 0
112534 0
112534 0
112534 0
112534 0
112534 0
112534 0
112534 0
112534 0
112534 0
112534 0
112534 0
112534 0
112534 0
112534 0
112534 0
112534 0
112534 0
112534 0
112534 0
112534 0
112535 0
112535 0
112535 0
112535 0
112535 0
112535 0
112535 0
112535 0
112535 0
112535 0
112535 0
112535 0
112535 0
112535 0
112535 0
112535 0
112535 0
112535 0
112535 0
112535 0
112535 0
112535 0
112535 0
112535 0
112535 0
112535 0
112535 0
112535 0
112535 0
112535 0
112535 0
112535 0
112536 0
112536 0
112536 0
112536 0
112536 0
112536 0
112536 0
112536 0
112536 0
112536 0
112536 0
112536 0
112536 0
112536 0
112536 0
112536 0
112536 0
112536 0
112536 0
112536 0
112536 0
112536 0
112536 0
112536 0
112536 0
112536 0
112536 0
112536 0
112537 0
112537 0
112537 0
112537 0
112537 0
112537 0
112537 0
112537 0
112537 0
112537 0
112537 0
112537 0
112537 0
112537 0
112537 0
112537 0
112537 0
112537 0
112537 0
112537 0
112537 0
112537 0
112537 0
112537 0
112537 0
112537 0
112537 0
112537 0
112537 0
112537 0
112537 0
112538 0
112538 0
112538 0
112538 0
112538 0
112538 0
112538 0
112538 0
112538 0
112538 0
112538 0
112538 0
112538 0
112538 0
112538 0
112538 0
112538 0
112538 0
112538 0
112538 0
112538 0
112538 0
112538 0
112538 0
112538 0
112538 0
112538 0
112538 0
112538 0
112538 0
112538 0
112539 0
112539 0
112539 0
112539 0
112539 0
112539 0
112539 0
112539 0
112539 0
112539 0
112539 0
112539 0
112539 0
112539 0
112539 0
112539 0
112539 0
112539 0
112539 0
112539 0
112539 0
112539 0
112539 0
112539 0
112539 0
112539 0
112539 0
112539 0
112539 0
112540 0
112540 0
112540 0
112540 0
112540 0
112540 0
112540 0
112540 0
112540 0
112540 0
112540 0
112540 0
112540 0
112540 0
112540 0
112540 0
112540 0
112540 0
112540 0
112540 0
112540 0
112540 0
112540 0
112540 0
112540 0
112540 0
112540 0
112540 0
112540 0
112540 0
112540 0
112541 0
112541 0
112541 0
112541 0
112541 0
112541 0
112541 0
112541 0
112541 0
112541 0
112541 0
112541 0
112541 0
112541 0
112541 0
112541 0
112541 0
112541 0
112541 0
112541 0
112541 0
112541 0
112541 0
112541 0
112541 0
112541 0
112541 0
112541 0
112541 0
112541 0
112542 0
112542 0
112542 0
112542 0
112542 0
112542 0
112542 0
112542 0
112542 0
112542 0
112542 0
112542 0
112542 0
112542 0
112542 0
112542 0
112542 0
112542 0
112542 0
112542 0
112542 0
112542 0
112542 0
112542 0
112542 0
112542 0
112542 0
112542 0
112543 0
112543 0
112543 0
112543 0
112543 1 10 48 160 480
112543 1 10 48 160 480
112543 1 10 48 160 480
112543 1 10 48 160 480
112543 0
112543 0
112543 0
112543 0
112543 0
112543 0
112543 0
112543 0
112543 0
112543 0
112543 0
112543 0
112543 0
112543 0
112543 0
112543 0
112543 0
112543 0
112543 0
112543 0
112543 0
112543 0
112543 0
112544 0
112544 0
112544 0
112544 0
112544 0
112544 0
112544 0
112544 0
112544 0
112544 0
112544 0
112544 0
112544 0
112544 0
112544 0
112544 0
112544 0
112544 0
112544 0
112544 0
112544 0
112544 0
112544 0
112544 0
112544 0
112544 0
112544 0
112544 0
112544 1 47 -431602080 160 480
112544 1 47 -431602080 160 480
112544 1 47 -431602080 160 480
112545 0
112545 0
112545 0
112545 0
112545 0
112545 0
112545 0
112545 0
112545 0
112545 0
112545 0
112545 0
112545 0
112545 0
112545 0
112545 0
112545 0
112545 0
112545 0
112545 0
112545 0
112545 0
112545 0
112545 0
112545 0
112545 0
112545 0
112545 0
112546 0
112546 0
112546 0
112546 0
112546 0
112546 0
112546 0
112546 0
112546 0
112546 0
112546 0
112546 0
112546 0
112546 0
112546 0
112546 0
112546 0
112546 0
112546 0
112546 0
112546 0
112546 0
112546 0
112546 0
112546 0
112546 0
112546 0
112546 0
112546 0
112546 0
112547 0
112547 0
112547 0
112547 0
112547 0
112547 0
112547 0
112547 0
112547 0
112547 0
112547 0
112547 0
112547 0
112547 0
112547 0
112547 0
112547 0
112547 0
112547 0
112547 0
112547 0
112547 0
112547 0
112547 0
112547 0
112547 0
112547 0
112547 0
112547 0
112547 0
112548 0
112548 0
112548 0
112548 0
112548 0
112548 0
112548 0
112548 0
112548 0
112548 0
112548 0
112548 0
112548 0
112548 0
112548 0
112548 0
112548 0
112548 0
112548 0
112548 0
112548 0
112548 0
112548 0
112548 0
112548 0
112548 0
112548 0
112548 0
112548 0
112548 0
112548 0
112548 0
112549 0
112549 0
112549 0
112549 0
112549 0
112549 0
112549 0
112549 0
112549 0
112549 0
112549 0
112549 0
112549 0
112549 0
112549 0
112549 0
112549 0
112549 0
112549 0
112549 0
112549 0
112549 0
112549 0
112549 0
112549 0
112549 0
112549 0
112549 0
112550 0
112550 0
112550 0
112550 0
112550 1 18 61 249 546
112550 1 18 61 249 546
112550 1 18 61 249 546
112550 1 18 61 249 546
112550 0
112550 0
112550 0
112550 0
112550 0
112550 0
112550 0
112550 0
112550 0
112550 0
112550 0
112550 0
112550 0
112550 0
112550 0
112550 0
112550 0
112550 0
112550 0
112550 0
112550 0
112550 0
112550 0
112550 0
112551 0
112551 0
112551 0
112551 0
112551 0
112551 0
112551 0
112551 0
112551 0
112551 0
112551 0
112551 0
112551 0
112551 0
112551 0
112551 0
112551 0
112551 0
112551 0
112551 0
112551 0
112551 0
112551 0
112551 0
112551 0
112551 0
112551 0
112551 0
112552 0
112552 0
112552 0
112552 0
112552 0
112552 0
112552 0
112552 0
112552 0
112552 0
112552 0
112552 0
112552 0
112552 0
112552 0
112552 0
112552 0
112552 0
112552 0
112552 0
112552 0
112552 0
112552 0
112552 0
112552 0
112552 0
112552 0
112552 0
112552 0
112552 0
112552 0
112552 0
112552 0
112553 0
112553 0
112553 0
112553 0
112553 0
112553 0
112553 0
112553 0
112553 0
112553 0
112553 0
112553 0
112553 0
112553 0
112553 0
112553 0
112553 0
112553 0
112553 0
112553 0
112553 0
112553 0
112553 0
112553 0
112553 0
112553 0
112553 0
112553 0
112553 0
112553 0
112554 0
112554 0
112554 0
112554 0
112554 0
112554 0
112554 0
112554 0
112554 0
112554 0
112554 0
112554 0
112554 0
112554 0
112554 0
112554 0
112554 0
112554 0
112554 0
112554 0
112554 0
112554 0
112554 0
112554 0
112554 0
112554 0
112555 0
112555 0
112555 0
112555 0
112555 0
112555 0
112555 0
112555 0
112555 0
112555 0
112555 0
112555 0
112555 0
112555 0
112555 0
112555 0
112555 0
112555 0
112555 0
112555 0
112555 0
112555 0
112555 0
112555 0
112555 0
112555 0
112555 0
112555 0
112555 0
112555 0
112555 0
112556 0
112556 0
112556 0
112556 0
112556 0
112556 0
112556 0
112556 0
112556 0
112556 0
112556 0
112556 0
112556 0
112556 0
112556 0
112556 0
112556 0
112556 0
112556 0
112556 0
112556 0
112556 0
112556 0
112556 0
112556 0
112556 0
112556 0
112556 0
112556 0
112556 0
112556 0
112557 0
112557 0
112557 0
112557 0
112557 0
112557 0
112557 0
112557 0
112557 0
112557 0
112557 0
112557 0
112557 0
112557 0
112557 0
112557 0
112557 0
112557 0
112557 0
112557 0
112557 0
112557 0
112557 0
112557 0
112557 0
112557 0
112557 0
112557 0
112557 0
112557 0
112557 0
112557 0
112558 0
112558 0
112558 0
112558 0
112558 0
112558 0
112558 0
112558 0
112558 0
112558 0
112558 0
112558 0
112558 0
112558 0
112558 0
112558 0
112558 0
112558 0
112558 0
112558 1 32 90 685 17
112558 1 32 90 685 17
112558 1 32 90 685 17
112558 0
112558 0
112558 0
112558 0
112558 0
112558 0
112558 0
112558 0
112559 1 32 90 686 43
112559 1 32 90 686 43
112559 1 32 90 686 43
112559 1 32 90 686 43
112559 1 32 90 686 52
112559 1 32 90 686 52
112559 1 32 90 686 52
112559 1 32 90 687 61
112559 1 32 90 687 61
112559 1 32 90 687 61
112559 1 32 90 687 61
112559 1 32 90 686 69
112559 1 32 90 686 69
112559 1 32 90 686 69
112559 1 32 90 686 69
112559 1 32 90 686 78
112559 1 32 90 686 78
112559 1 32 90 686 78
112559 0
112559 0
112559 0
112559 0
112559 0
112559 0
112559 0
112559 0
112600 1 32 78 682 104
112600 1 32 78 682 104
112600 1 32 78 682 104
112600 1 32 78 682 104
112600 1 0 90 681 112
112600 1 0 90 681 112
112600 1 0 90 681 112
112600 1 0 90 681 112
112600 1 32 90 679 121
112600 1 32 90 679 121
112600 1 32 90 679 121
112600 1 32 90 679 121
112600 1 32 75 677 130
112600 1 32 75 677 130
112600 1 32 75 677 130
112600 1 32 75 677 130
112600 1 32 90 673 146
112600 1 32 90 673 146
112600 1 32 90 673 146
112600 1 32 90 673 146
112600 1 32 80 670 157
112600 1 32 80 670 157
112600 1 32 80 670 157
112600 1 32 80 670 157
112600 1 32 90 668 168
112600 1 32 90 668 168
112600 1 32 90 668 168
112600 1 32 90 668 168
112600 1 32 78 666 179
112600 1 32 78 666 179
112600 1 32 78 666 179
112600 1 32 78 666 179
112601 1 32 90 664 189
112601 1 32 90 664 189
112601 1 32 90 664 189
112601 1 32 81 663 200
112601 1 32 81 663 200
112601 1 32 81 663 200
112601 1 32 81 663 200
112601 1 32 90 661 211
112601 1 32 90 661 211
112601 1 32 90 661 211
112601 1 32 90 661 211
112601 1 32 90 659 222
112601 1 32 90 659 222
112601 1 32 90 659 222
112601 1 32 90 659 222
112601 1 32 90 658 234
112601 1 32 90 658 234
112601 1 32 90 658 234
112601 1 32 90 658 234
112601 0
112601 0
112601 0
112601 0
112601 1 32 90 655 262
112601 1 32 90 655 262
112601 1 32 90 655 262
112601 1 32 90 655 262
112601 1 32 90 655 262
112601 2 32 90 654 273 10 61 249 547
112601 2 32 90 654 273 10 61 249 547
112601 2 32 90 654 273 10 61 249 547
112602 1 32 90 653 284
112602 1 32 90 653 284
112602 1 32 90 653 284
112602 1 32 90 653 284
112602 1 32 90 652 295
112602 1 32 90 652 295
112602 1 32 90 652 295
112602 1 32 90 652 295
112602 1 32 90 651 306
112602 1 32 90 651 306
112602 1 32 90 651 306
112602 1 32 90 651 306
112602 1 32 90 650 318
112602 1 32 90 650 318
112602 1 32 90 650 318
112602 1 32 90 650 318
112602 1 32 90 649 335
112602 1 32 90 649 335
112602 1 32 90 649 335
112602 1 32 90 649 335
112602 1 32 90 648 345
112602 1 32 90 648 345
112602 1 32 90 648 345
112602 1 32 90 648 345
112602 1 32 90 648 358
112602 1 32 90 648 358
112602 1 32 90 648 358
112602 1 32 90 648 358
112603 1 32 90 647 369
112603 1 32 90 647 369
112603 1 32 90 647 369
112603 1 32 90 647 369
112603 1 32 90 646 380
112603 1 32 90 646 380
112603 1 32 90 646 380
112603 1 32 90 646 380
112603 1 32 90 645 391
112603 1 32 90 645 391
112603 1 32 90 645 391
112603 1 32 90 645 391
112603 1 32 90 645 402
112603 1 32 90 645 402
112603 1 32 90 645 402
112603 1 32 90 645 402
112603 1 32 90 644 419
112603 1 32 90 644 419
112603 1 32 90 644 419
112603 1 32 90 644 419
112603 1 32 90 644 419
112603 1 32 90 643 431
112603 1 32 90 643 431
112603 1 32 90 643 431
112603 1 32 90 643 431
112603 1 32 90 643 447
112603 1 32 90 643 447
112603 1 32 90 643 447
112603 1 32 90 643 447
112603 1 32 90 642 459
112603 1 32 90 642 459
112603 1 32 90 642 459
112603 1 32 90 642 459
112604 1 32 90 642 470
112604 1 32 90 642 470
112604 1 32 90 642 470
112604 1 32 90 642 482
112604 1 32 90 642 482
112604 1 32 90 642 482
112604 1 32 90 642 482
112604 1 32 90 642 482
112604 1 32 90 641 491
112604 1 32 90 641 491
112604 1 32 90 641 491
112604 1 32 90 641 491
112604 1 32 85 641 500
112604 1 32 85 641 500
112604 1 32 85 641 500
112604 1 32 85 641 500
112604 1 32 90 640 509
112604 1 32 90 640 509
112604 1 32 90 640 509
112604 1 32 90 640 522
112604 1 32 90 640 522
112604 1 32 90 640 522
112604 1 32 90 640 522
112604 1 32 90 639 527
112604 1 32 90 639 527
112604 1 32 90 639 527
112604 1 32 90 639 527
112605 1 32 90 639 535
112605 1 32 90 639 535
112605 1 32 90 639 535
112605 1 32 90 639 535
112605 1 32 90 639 545
112605 1 32 90 639 545
112605 1 32 90 639 545
112605 1 32 90 639 545
112605 1 32 90 638 558
112605 1 32 90 638 558
112605 1 32 90 638 558
112605 1 32 90 638 558
112605 1 32 90 638 567
112605 1 32 90 638 567
112605 1 32 90 638 567
112605 1 32 90 638 567
112605 1 32 90 638 576
112605 1 32 90 638 576
112605 1 32 90 638 576
112605 1 32 90 638 585
112605 1 32 90 638 585
112605 1 32 90 638 585
112605 1 32 90 638 585
112605 1 32 90 638 594
112605 1 32 90 638 594
112605 1 32 90 638 594
112605 1 32 90 638 594
112605 1 32 90 637 602
112605 1 32 90 637 602
112605 1 32 90 637 602
112605 1 32 90 637 602
112606 1 32 90 637 611
112606 1 32 90 637 611
112606 1 32 90 637 611
112606 1 32 90 637 611
112606 1 32 85 636 620
112606 1 32 85 636 620
112606 1 32 85 636 620
112606 1 32 85 636 620
112606 1 32 90 637 629
112606 1 32 90 637 629
112606 1 32 90 637 629
112606 1 32 90 637 629
112606 1 32 90 636 639
112606 1 32 90 636 639
112606 1 32 90 636 639
112606 1 32 90 636 639
112606 1 32 90 635 656
112606 1 32 90 635 656
112606 1 32 90 635 656
112606 1 32 85 635 667
112606 1 32 85 635 667
112606 1 32 85 635 667
112606 1 32 85 635 667
112606 1 32 85 635 667
112606 1 32 90 634 678
112606 1 32 90 634 678
112606 1 32 90 634 678
112606 1 32 90 634 678
112606 1 32 90 634 690
112606 1 32 90 634 690
112606 1 32 90 634 690
112606 1 32 90 634 690
112606 1 32 90 634 690
112607 1 32 90 634 702
112607 1 32 90 634 702
112607 1 32 90 634 702
112607 1 32 90 634 702
112607 1 32 90 633 718
112607 1 32 90 633 718
112607 1 32 90 633 718
112607 1 32 90 633 718
112607 1 32 90 632 729
112607 1 32 90 632 729
112607 1 32 90 632 729
112607 1 32 90 632 729
112607 1 32 90 632 729
112607 1 32 90 631 746
112607 1 32 90 631 746
112607 1 32 90 631 746
112607 1 32 84 631 757
112607 1 32 84 631 757
112607 1 32 84 631 757
112607 1 32 84 631 757
112607 0
112607 0
112607 0
112607 0
112607 1 32 90 631 779
112607 1 32 90 631 779
112607 1 32 90 631 779
112608 1 32 90 630 790
112608 1 32 90 630 790
112608 1 32 90 630 790
112608 1 32 90 630 790
112608 0
112608 0
112608 0
112608 0
112608 0
112608 0
112608 0
112608 0
112608 0
112608 0
112608 0
112608 0
112608 0
112608 1 18 61 249 546
112608 1 18 61 249 546
112608 1 18 61 249 546
112608 1 18 61 249 546
112608 1 32 90 629 842
112608 1 32 90 629 842
112608 1 32 90 629 842
112608 1 32 90 629 842
112608 0
112608 0
112608 0
112608 0
112609 0
112609 0
112609 0
112609 0
112609 1 32 90 629 856
112609 1 32 90 629 856
112609 1 32 90 629 856
112609 1 32 90 629 856
112609 1 32 90 629 856
112609 0
112609 0
112609 0
112609 0
112609 0
112609 0
112609 0
112609 0
112609 1 42 100 190 506
112609 1 42 100 190 506
112609 1 42 100 190 506
112609 0
112609 0
112609 0
112609 0
112609 0
112609 1 32 63 627 857
112609 1 32 63 627 857
112609 1 32 63 627 857
112609 1 32 63 627 857
112609 1 32 56 627 857
112609 1 32 56 627 857
112609 1 32 56 627 857
112609 1 32 56 627 857
112610 0
112610 0
112610 0
112610 0
112610 0
112610 0
112610 0
112610 0
112610 1 32 30 625 856
112610 1 32 30 625 856
112610 1 32 30 625 856
112610 1 32 30 625 856
112610 1 32 30 625 856
112610 1 32 18 625 856
112610 1 32 18 625 856
112610 1 32 18 625 856
112610 1 32 18 625 856
112610 1 32 18 625 856
112610 0
112610 0
112610 0
112610 0
112610 0
112610 0
112610 0
112610 0
112610 0
112611 1 32 353 624 854
112611 1 32 353 624 854
112611 1 32 353 624 854
112611 1 32 353 624 854
112611 0
112611 0
112611 0
112611 0
112611 1 32 0 617 855
112611 1 32 0 617 855
112611 1 32 0 617 855
112611 1 32 11 612 856
112611 1 32 11 612 856
112611 1 32 11 612 856
112611 1 32 11 612 856
112611 0
112611 0
112611 0
112611 0
112611 0
112611 1 32 18 599 861
112611 1 32 18 599 861
112611 1 32 18 599 861
112611 0
112611 0
112611 0
112611 0
112611 0
112611 0
112611 0
112611 0
112612 2 32 0 590 862 18 61 249 546
112612 2 32 0 590 862 18 61 249 546
112612 2 32 0 590 862 18 61 249 546
112612 2 32 0 590 862 18 61 249 546
112612 0
112612 0
112612 0
112612 0
112612 1 32 326 591 861
112612 1 32 326 591 861
112612 1 32 326 591 861
112612 1 32 326 591 861
112612 1 32 326 591 861
112612 1 32 326 591 861
112612 1 32 326 591 861
112612 1 32 326 591 861
112612 1 32 326 591 861
112612 1 32 326 591 861
112612 1 32 326 591 861
112612 1 32 326 591 861
112612 1 32 326 591 861
112612 1 32 326 591 861
112612 1 32 326 591 861
112612 1 32 326 591 861
112612 1 32 326 591 861
112612 1 32 326 591 861
112612 1 32 326 591 861
112613 1 32 326 591 861
112613 1 32 326 591 861
112613 1 32 326 591 861
112613 1 32 326 591 861
112613 1 32 326 591 861
112613 1 32 326 591 861
112613 1 32 326 591 861
112613 1 32 326 591 861
112613 1 32 326 591 861
112613 1 32 326 591 861
112613 1 32 326 591 861
112613 1 32 326 591 861
112613 1 32 326 591 861
112613 1 32 326 591 861
112613 1 32 326 591 861
112613 1 32 326 591 861
112613 1 32 326 591 861
112613 1 32 326 591 861
112613 1 32 326 591 861
112613 1 32 326 591 861
112613 1 32 326 591 861
112613 1 32 326 591 861
112613 1 32 326 591 861
112613 1 32 326 591 861
112613 1 32 326 591 861
112613 1 32 326 591 861
112613 1 32 326 591 861
112613 1 32 326 591 861
112613 1 32 326 591 861
112613 1 32 326 591 861
112613 1 32 326 591 861
112613 1 32 326 591 861
112614 1 32 326 591 861
112614 1 32 326 591 861
112614 1 32 326 591 861
112614 1 32 326 591 861
112614 1 32 326 591 861
112614 1 32 326 591 861
112614 1 32 326 591 861
112614 1 32 326 591 861
112614 1 32 326 591 861
112614 1 32 326 591 861
112614 1 32 326 591 861
112614 1 32 326 591 861
112614 1 32 326 591 861
112614 1 32 326 591 861
112614 1 32 326 591 861
112614 1 32 326 591 861
112614 1 32 326 591 861
112614 1 32 326 591 861
112614 1 32 326 591 861
112614 1 32 326 591 861
112614 1 36 233 591 860
112614 1 36 233 591 860
112614 1 36 233 591 860
112614 1 32 326 591 861
112614 1 32 326 591 861
112614 1 32 326 591 861
112614 1 32 326 591 861
112614 1 32 326 591 861
112614 1 32 326 591 861
112614 1 32 326 591 861
112615 1 32 326 591 861
112615 1 32 326 591 861
112615 1 32 326 591 861
112615 1 32 326 591 861
112615 1 32 326 591 861
112615 1 32 326 591 861
112615 1 32 326 591 861
112615 1 32 326 591 861
112615 1 32 326 591 861
112615 1 32 326 591 861
112615 1 32 326 591 861
112615 1 32 326 591 861
112615 1 32 326 591 861
112615 1 32 326 591 861
112615 1 32 326 591 861
112615 1 32 326 591 861
112615 1 32 326 591 861
112615 1 32 326 591 861
112615 1 32 326 591 861
112615 1 32 326 591 861
112615 1 32 326 591 861
112615 1 32 326 591 861
112615 1 32 326 591 861
112615 1 32 326 591 861
112615 1 32 326 591 861
112615 1 32 326 591 861
112615 1 32 326 591 861
112615 1 32 326 591 861
112615 1 32 326 591 861
112615 1 32 326 591 861
112615 1 32 326 591 861
112615 1 32 326 591 861
112615 1 32 326 591 861
112615 1 32 326 591 861
112616 1 36 233 591 860
112616 1 36 233 591 860
112616 1 36 233 591 860
112616 1 32 326 591 861
112616 1 32 326 591 861
112616 1 32 326 591 861
112616 1 32 326 591 861
112616 1 32 326 591 861
112616 1 32 326 591 861
112616 1 32 326 591 861
112616 1 32 326 591 861
112616 1 32 326 591 861
112616 1 32 326 591 861
112616 1 32 326 591 861
112616 1 32 326 591 861
112616 1 32 326 591 861
112616 1 32 326 591 861
112616 1 32 326 591 861
112616 1 32 326 591 861
112616 1 32 326 591 861
112616 1 32 326 591 861
112616 1 32 326 591 861
112616 1 32 326 591 861
112616 1 32 326 591 861
112616 1 32 326 591 861
112616 1 32 326 591 861
112616 1 32 326 591 861
112617 1 32 326 591 861
112617 1 32 326 591 861
112617 1 32 326 591 861
112617 1 32 326 591 861
112617 1 36 233 591 860
112617 1 36 233 591 860
112617 1 36 233 591 860
112617 1 36 233 591 860
112617 1 32 326 591 861
112617 1 32 326 591 861
112617 1 32 326 591 861
112617 1 32 326 591 861
112617 1 32 326 591 861
112617 1 32 326 591 861
112617 1 32 326 591 861
112617 1 32 326 591 861
112617 1 32 326 591 861
112617 1 32 326 591 861
112617 1 32 326 591 861
112617 1 32 326 591 861
112617 1 32 326 591 861
112617 1 32 326 591 861
112617 1 32 326 591 861
112617 1 32 326 591 861
112617 1 32 326 591 861
112617 1 32 326 591 861
112617 1 32 326 591 861
112617 1 32 326 591 861
112617 1 32 326 591 861
112617 1 32 326 591 861
112617 1 32 326 591 861
112617 1 32 326 591 861
112618 1 32 326 591 861
112618 1 32 326 591 861
112618 1 32 326 591 861
112618 1 32 326 591 861
112618 1 32 326 591 861
112618 1 32 326 591 861
112618 1 32 326 591 861
112618 1 36 233 591 860
112618 1 36 233 591 860
112618 1 36 233 591 860
112618 1 36 233 591 860
112618 1 36 233 591 860
112618 1 32 326 591 861
112618 1 32 326 591 861
112618 1 32 326 591 861
112618 1 32 326 591 861
112618 1 32 326 591 861
112618 1 32 326 591 861
112618 1 32 326 591 861
112618 1 32 326 591 861
112618 1 32 326 591 861
112618 1 32 326 591 861
112618 1 32 326 591 861
112618 1 32 326 591 861
112618 1 32 326 591 861
112618 1 32 326 591 861
112618 1 32 326 591 861
112619 1 32 326 591 861
112619 1 32 326 591 861
112619 1 32 326 591 861
112619 1 32 326 591 861
112619 1 32 326 591 861
112619 1 32 326 591 861
112619 1 32 326 591 861
112619 1 32 326 591 861
112619 1 32 326 591 861
112619 1 32 326 591 861
112619 1 32 326 591 861
112619 1 32 326 591 861
112619 1 32 326 591 861
112619 1 32 326 591 861
112619 1 32 326 591 861
112619 1 32 326 591 861
112619 1 32 326 591 861
112619 1 32 326 591 861
112619 1 32 326 591 861
112619 1 32 326 591 861
112619 1 36 233 591 860
112619 1 36 233 591 860
112619 1 36 233 591 860
112619 1 36 233 591 860
112619 1 36 233 591 860
112619 1 36 233 591 860
112619 1 36 233 591 860
112619 1 36 233 591 860
112619 1 36 233 591 860
112619 1 36 233 591 860
112619 1 36 233 591 860
112619 1 36 233 591 860
112620 1 8 51 591 860
112620 1 8 51 591 860
112620 1 8 51 591 860
112620 1 8 51 591 860
112620 1 8 51 591 860
112620 0
112620 0
112620 0
112620 0
112620 1 32 309 591 859
112620 1 32 309 591 859
112620 1 32 309 591 859
112620 1 32 309 591 859
112620 1 32 296 591 859
112620 1 32 296 591 859
112620 1 32 296 591 859
112620 1 32 296 591 859
112620 1 32 284 591 858
112620 1 32 284 591 858
112620 1 32 284 591 858
112620 1 32 284 591 858
112620 1 32 284 591 858
112620 1 9 0 592 858
112620 1 9 0 592 858
112620 1 9 0 592 858
112620 0
112620 0
112620 0
112620 0
112621 0
112621 0
112621 0
112621 0
112621 0
112621 0
112621 0
112621 1 32 225 594 858
112621 1 32 225 594 858
112621 1 32 225 594 858
112621 1 32 225 594 858
112621 1 32 225 594 858
112621 0
112621 0
112621 0
112621 0
112621 0
112621 0
112621 0
112621 0
112621 0
112621 0
112621 0
112621 0
112621 0
112621 0
112621 0
112621 0
112621 0
112621 0
112621 0
112621 0
112622 0
112622 0
112622 0
112622 0
112622 1 32 141 596 861
112622 1 32 141 596 861
112622 1 32 141 596 861
112622 0
112622 0
112622 0
112622 0
112622 0
112622 0
112622 0
112622 1 32 135 599 865
112622 1 32 135 599 865
112622 1 32 135 599 865
112622 1 32 135 599 865
112622 0
112622 0
112622 0
112622 0
112622 1 32 135 603 869
112622 1 32 135 603 869
112622 1 32 135 603 869
112622 1 32 135 603 869
112622 0
112622 0
112622 0
112623 0
112623 0
112623 0
112623 0
112623 0
112623 0
112623 0
112623 0
112623 1 32 150 601 866
112623 1 32 150 601 866
112623 1 32 150 601 866
112623 1 32 150 601 866
112623 0
112623 0
112623 0
112623 0
112623 0
112623 0
112623 0
112623 0
112623 0
112623 0
112623 0
112623 0
112623 0
112623 0
112623 0
112623 0
112623 0
112623 0
112623 0
112624 1 32 180 600 864
112624 1 32 180 600 864
112624 1 32 180 600 864
112624 1 32 180 600 864
112624 0
112624 0
112624 0
112624 0
112624 0
112624 0
112624 0
112624 0
112624 0
112624 0
112624 0
112624 0
112624 0
112624 0
112624 0
112624 0
112624 0
112624 0
112624 0
112624 0
112624 0
112624 0
112624 1 32 194 626 859
112624 1 32 194 626 859
112624 1 32 194 626 859
112624 1 32 194 626 859
112624 1 32 194 626 859
112625 0
112625 0
112625 0
112625 1 32 200 633 856
112625 1 32 200 633 856
112625 1 32 200 633 856
112625 1 32 200 633 856
112625 0
112625 0
112625 0
112625 0
112625 0
112625 0
112625 0
112625 0
112625 1 32 200 653 848
112625 1 32 200 653 848
112625 1 32 200 653 848
112625 0
112625 0
112625 0
112625 0
112625 0
112625 0
112625 0
112626 0
112626 0
112626 0
112626 0
112626 0
112626 1 32 198 692 834
112626 1 32 198 692 834
112626 1 32 198 692 834
112626 0
112626 0
112626 0
112626 0
112626 0
112626 0
112626 0
112626 0
112626 0
112626 0
112626 0
112626 0
112626 0
112626 0
112626 0
112626 0
112626 0
112626 0
112626 0
112626 0
112626 0
112626 0
112626 0
112626 0
112627 0
112627 0
112627 0
112627 0
112627 0
112627 0
112627 0
112627 0
112627 0
112627 0
112627 0
112627 0
112627 0
112627 0
112627 0
112627 0
112627 1 32 192 792 797
112627 1 32 192 792 797
112627 1 32 192 792 797
112627 0
112627 0
112627 0
112627 0
112627 0
112627 0
112627 0
112627 0
112627 0
112627 0
112627 0
112627 0
112628 0
112628 0
112628 0
112628 0
112628 0
112628 0
112628 0
112628 0
112628 0
112628 0
112628 0
112628 0
112628 0
112628 0
112628 0
112628 0
112628 0
112628 0
112628 0
112628 0
112628 0
112628 0
112628 0
112628 0
112628 0
112628 0
112628 0
112628 0
112628 0
112628 0
112629 0
112629 0
112629 0
112629 1 0 194 863 781
112629 1 0 194 863 781
112629 1 0 194 863 781
112629 1 0 194 863 781
112629 0
112629 0
112629 0
112629 0
112629 0
112629 0
112629 0
112629 0
112629 0
112629 1 1 16 872 777
112629 1 1 16 872 777
112629 1 1 16 872 777
112629 0
112629 0
112629 0
112629 0
112629 0
112629 0
112629 0
112629 0
112629 0
112629 0
112629 0
112630 1 32 206 889 769
112630 1 32 206 889 769
112630 1 32 206 889 769
112630 0
112630 0
112630 0
112630 0
112630 0
112630 0
112630 0
112630 0
112630 0
112630 0
112630 0
112630 0
112630 0
112630 0
112630 0
112630 0
112630 0
112630 0
112630 0
112630 0
112630 0
112630 0
112630 0
112630 0
112630 0
112631 1 32 198 924 750
112631 1 32 198 924 750
112631 1 32 198 924 750
112631 1 32 198 924 750
112631 1 32 180 925 750
112631 1 32 180 925 750
112631 1 32 180 925 750
112631 1 32 180 925 750
112631 0
112631 0
112631 0
112631 1 32 162 925 751
112631 1 32 162 925 751
112631 1 32 162 925 751
112631 1 32 162 925 751
112631 0
112631 0
112631 0
112631 0
112631 0
112631 0
112631 0
112631 0
112631 0
112631 0
112631 0
112631 1 4 0 924 753
112631 1 4 0 924 753
112631 1 4 0 924 753
112631 1 4 0 924 753
112632 1 32 105 924 753
112632 1 32 105 924 753
112632 1 32 105 924 753
112632 1 32 105 924 753
112632 1 32 98 923 754
112632 1 32 98 923 754
112632 1 32 98 923 754
112632 0
112632 0
112632 0
112632 0
112632 0
112632 0
112632 0
112632 0
112632 0
112632 0
112632 0
112632 0
112632 0
112632 0
112632 0
112632 0
112632 0
112632 0
112632 0
112632 0
112632 0
112632 0
112632 0
112632 0
112632 0
112632 0
112633 1 32 105 930 775
112633 1 32 105 930 775
112633 1 32 105 930 775
112633 1 32 105 930 775
112633 1 32 105 930 775
112633 0
112633 0
112633 0
112633 0
112633 0
112633 0
112633 0
112633 0
112633 0
112633 0
112633 0
112633 0
112633 0
112633 0
112633 0
112633 0
112633 0
112633 0
112633 0
112633 0
112633 0
112633 0
112634 1 32 123 935 788
112634 1 32 123 935 788
112634 1 32 123 935 788
112634 1 32 123 935 788
112634 0
112634 0
112634 0
112634 0
112634 0
112634 0
112634 0
112634 0
112634 0
112634 0
112634 0
112634 0
112634 0
112634 0
112634 0
112634 0
112634 0
112634 0
112634 0
112634 0
112634 0
112634 0
112634 0
112634 0
112634 0
112634 0
112635 0
112635 0
112635 0
112635 0
112635 0
112635 0
112635 0
112635 0
112635 0
112635 0
112635 0
112635 0
112635 0
112635 0
112635 0
112635 0
112635 1 32 225 933 784
112635 1 32 225 933 784
112635 1 32 225 933 784
112635 1 32 225 933 784
112635 0
112635 0
112635 0
112635 0
112635 0
112635 0
112635 0
112635 0
112635 1 32 239 940 774
112635 1 32 239 940 774
112635 1 32 239 940 774
112636 0
112636 0
112636 0
112636 0
112636 0
112636 0
112636 0
112636 0
112636 0
112636 0
112636 0
112636 0
112636 0
112636 1 32 239 952 754
112636 1 32 239 952 754
112636 1 32 239 952 754
112636 0
112636 0
112636 0
112636 0
112636 1 32 243 956 746
112636 1 32 243 956 746
112636 1 32 243 956 746
112636 1 32 243 956 746
112636 0
112636 0
112636 0
112636 0
112636 0
112636 0
112636 0
112637 0
112637 0
112637 0
112637 0
112637 0
112637 0
112637 0
112637 0
112637 0
112637 0
112637 0
112637 0
112637 0
112637 1 32 270 966 719
112637 1 32 270 966 719
112637 1 32 270 966 719
112637 1 32 270 966 719
112637 0
112637 0
112637 0
112637 0
112637 0
112637 0
112637 0
112637 0
112637 0
112637 0
112637 0
112637 0
112638 0
112638 0
112638 0
112638 0
112638 0
112638 0
112638 0
112638 0
112638 0
112638 0
112638 0
112638 0
112638 0
112638 0
112638 0
112638 0
112638 0
112638 0
112638 0
112638 0
112638 0
112638 0
112638 0
112638 0
112638 0
112638 0
112638 0
112638 0
112638 0
112638 0
112638 0
112639 0
112639 0
112639 0
112639 0
112639 0
112639 0
112639 0
112639 0
112639 0
112639 0
112639 0
112639 0
112639 0
112639 0
112639 0
112639 0
112639 0
112639 0
112639 0
112639 0
112639 0
112639 0
112639 0
112639 0
112639 0
112639 0
112639 0
112639 0
112639 0
112639 0
112640 0
112640 0
112640 0
112640 0
112640 0
112640 0
112640 0
112640 0
112640 0
112640 0
112640 0
112640 0
112640 0
112640 0
112640 0
112640 0
112640 0
112640 0
112640 0
112640 0
112640 0
112640 0
112640 0
112640 0
112640 0
112640 0
112640 0
112640 0
112640 0
112641 0
112641 0
112641 0
112641 0
112641 0
112641 0
112641 0
112641 0
112641 0
112641 0
112641 0
112641 0
112641 0
112641 0
112641 0
112641 0
112641 0
112641 0
112641 0
112641 0
112641 0
112641 0
112641 0
112641 0
112641 0
112641 0
112641 0
112641 0
112641 0
112641 0
112642 0
112642 0
112642 0
112642 0
112642 0
112642 0
112642 0
112642 0
112642 0
112642 0
112642 0
112642 0
112642 0
112642 0
112642 0
112642 0
112642 0
112642 0
112642 0
112642 0
112642 0
112642 0
112642 0
112642 0
112642 0
112642 0
112642 0
112642 0
112642 0
112642 0
112642 0
112643 0
112643 0
112643 0
112643 0
112643 0
112643 0
112643 0
112643 0
112643 0
112643 0
112643 0
112643 0
112643 0
112643 0
112643 0
112643 0
112643 0
112643 0
112643 0
112643 0
112643 0
112643 0
112643 0
112643 0
112643 0
112643 0
112643 0
112643 0
112643 0
112643 0
112643 0
112644 0
112644 0
112644 0
112644 0
112644 0
112644 0
112644 0
112644 0
112644 0
112644 0
112644 0
112644 0
112644 0
112644 0
112644 0
112644 0
112644 0
112644 0
112644 0
112644 0
112644 0
112644 0
112644 0
112644 0
112644 0
112644 0
112645 0
112645 0
112645 0
112645 0
112645 0
112645 0
112645 0
112645 0
112645 0
112645 0
112645 0
112645 0
112645 0
112645 0
112645 0
112645 0
112645 0
112645 0
112645 0
112645 0
112645 0
112645 0
112645 0
112645 0
112645 0
112645 0
112645 0
112645 0
112645 0
112645 0
112645 0
112645 0
112646 0
112646 0
112646 0
112646 0
112646 0
112646 0
112646 0
112646 0
112646 0
112646 0
112646 0
112646 0
112646 0
112646 0
112646 0
112646 0
112646 0
112646 0
112646 0
112646 0
112646 0
112646 0
112646 0
112646 0
112646 0
112646 0
112646 0
112646 0
112646 0
112646 0
112647 0
112647 0
112647 0
112647 0
112647 0
112647 0
112647 0
112647 0
112647 0
112647 0
112647 0
112647 0
112647 0
112647 0
112647 0
112647 0
112647 0
112647 0
112647 0
112647 0
112647 0
112647 0
112647 0
112647 0
112647 0
112647 0
112647 0
112647 0
112647 0
112647 0
112648 0
112648 0
112648 0
112648 0
112648 0
112648 0
112648 0
112648 0
112648 0
112648 0
112648 0
112648 0
112648 0
112648 0
112648 0
112648 0
112648 0
112648 0
112648 0
112648 0
112648 0
112648 0
112648 0
112648 0
112648 0
112648 0
112648 0
112648 0
112648 0
112648 0
112648 0
112649 0
112649 0
112649 0
112649 0
112649 0
112649 0
112649 0
112649 0
112649 0
112649 0
112649 0
112649 0
112649 0
112649 0
112649 0
112649 0
112649 0
112649 0
112649 0
112649 0
112649 0
112649 0
112649 0
112649 0
112649 0
112649 0
112649 0
112649 0
112649 0
112649 0
112649 0
112650 0
112650 0
112650 0
112650 0
112650 1 11 108 184 508
112650 1 11 108 184 508
112650 1 11 108 184 508
112650 1 11 108 184 508
112650 0
112650 0
112650 0
112650 0
112650 0
112650 0
112650 0
112650 0
112650 0
112650 0
112650 0
112650 0
112650 0
112650 0
112650 0
112650 0
112650 0
112650 0
112651 0
112651 0
112651 0
112651 0
112651 0
112651 0
112651 0
112651 0
112651 0
112651 0
112651 0
112651 0
112651 0
112651 0
112651 0
112651 0
112651 0
112651 0
112651 0
112651 0
112651 0
112651 0
112651 0
112651 0
112651 0
112651 0
112651 0
112651 0
112651 0
112651 0
112651 0
112652 0
112652 0
112652 0
112652 0
112652 0
112652 0
112652 0
112652 0
112652 0
112652 0
112652 0
112652 0
112652 0
112652 0
112652 0
112652 0
112652 0
112652 0
112652 0
112652 0
112652 0
112652 0
112652 0
112652 0
112652 0
112652 0
112652 0
112652 0
112652 0
112652 0
112653 0
112653 0
112653 0
112653 0
112653 0
112653 0
112653 0
112653 0
112653 0
112653 0
112653 0
112653 0
112653 0
112653 0
112653 0
112653 0
112653 0
112653 0
112653 0
112653 0
112653 0
112653 0
112653 0
112653 0
112653 0
112653 0
112653 0
112653 0
112653 0
112653 0
112653 0
112654 0
112654 0
112654 0
112654 0
112654 0
112654 0
112654 0
112654 0
112654 0
112654 0
112654 0
112654 0
112654 0
112654 0
112654 0
112654 0
112654 0
112654 0
112654 0
112654 0
112654 0
112654 0
112654 0
112654 0
112654 0
112654 0
112654 0
112654 0
112654 0
112654 0
112655 0
112655 0
112655 0
112655 0
112655 0
112655 0
112655 0
112655 0
112655 0
112655 0
112655 0
112655 0
112655 0
112655 0
112655 0
112655 0
112655 0
112655 0
112655 0
112655 0
112655 0
112655 0
112655 0
112655 0
112655 0
112655 0
112655 0
112655 0
112655 0
112655 0
112655 0
112655 0
112656 0
112656 0
112656 0
112656 0
112656 0
112656 0
112656 0
112656 0
112656 0
112656 0
112656 0
112656 0
112656 0
112656 0
112656 0
112656 0
112656 0
112656 0
112656 0
112656 0
112656 0
112656 0
112656 0
112656 0
112656 0
112656 0
112656 0
112656 0
112656 0
112657 0
112657 0
112657 0
112657 0
112657 0
112657 0
112657 0
112657 0
112657 0
112657 0
112657 0
112657 0
112657 0
112657 0
112657 0
112657 0
112657 0
112657 0
112657 0
112657 0
112657 0
112657 0
112657 0
112657 0
112657 0
112657 0
112657 0
112657 0
112657 0
112657 0
112658 0
112658 0
112658 0
112658 0
112658 0
112658 0
112658 0
112658 0
112658 0
112658 0
112658 0
112658 0
112658 0
112658 0
112658 0
112658 0
112658 0
112658 0
112658 0
112658 0
112658 0
112658 0
112658 0
112658 0
112658 0
112658 0
112658 0
112658 0
112658 0
112658 0
112659 0
112659 0
112659 0
112659 0
112659 0
112659 0
112659 0
112659 0
112659 0
112659 0
112659 0
112659 0
112659 0
112659 0
112659 0
112659 0
112659 0
112659 0
112659 0
112659 0
112659 0
112659 0
112659 0
112659 0
112659 0
112659 0
112659 0
112659 0
112659 0
112659 0
112659 0
112700 0
112700 0
112700 0
112700 0
112700 0
112700 0
112700 0
112700 0
112700 0
112700 0
112700 0
112700 0
112700 0
112700 0
112700 0
112700 0
112700 0
112700 0
112700 0
112700 0
112700 0
112700 0
112700 0
112700 0
112700 0
112700 0
112700 0
112701 0
112701 0
112701 0
112701 0
112701 0
112701 0
112701 0
112701 0
112701 0
112701 0
112701 0
112701 0
112701 0
112701 0
112701 0
112701 0
112701 0
112701 0
112701 0
112701 0
112701 0
112701 0
112701 0
112701 0
112701 0
112701 0
112701 1 24 66 244 542
112701 1 24 66 244 542
112701 1 24 66 244 542
112701 1 24 66 244 542
112701 0
112701 0
112701 0
112702 0
112702 0
112702 0
112702 0
112702 0
112702 0
112702 0
112702 0
112702 0
112702 0
112702 0
112702 0
112702 0
112702 0
112702 0
112702 0
112702 0
112702 0
112702 0
112702 0
112702 0
112702 0
112702 0
112702 0
112702 0
112702 0
112702 0
112702 0
112702 0
112702 0
112703 0
112703 0
112703 0
112703 0
112703 0
112703 0
112703 0
112703 0
112703 0
112703 0
112703 0
112703 0
112703 0
112703 0
112703 0
112703 0
112703 0
112703 0
112703 0
112703 0
112703 0
112703 0
112703 0
112703 0
112703 0
112703 0
112703 0
112703 0
112703 0
112703 0
112704 0
112704 0
112704 0
112704 0
112704 0
112704 0
112704 0
112704 0
112704 0
112704 0
112704 0
112704 0
112704 0
112704 0
112704 0
112704 0
112704 0
112704 0
112704 0
112704 0
112704 0
112704 0
112704 0
112704 0
112704 0
112704 0
112704 0
112704 0
112705 0
112705 0
112705 0
112705 0
112705 0
112705 0
112705 0
112705 0
112705 0
112705 0
112705 0
112705 0
112705 0
112705 0
112705 0
112705 0
112705 0
112705 0
112705 0
112705 0
112705 0
112705 0
112705 0
112705 0
112705 0
112705 0
112705 0
112705 0
112705 0
112705 0
112706 0
112706 0
112706 0
112706 0
112706 0
112706 0
112706 0
112706 0
112706 0
112706 0
112706 0
112706 0
112706 0
112706 0
112706 0
112706 0
112706 0
112706 0
112706 0
112706 0
112706 0
112706 0
112706 0
112706 0
112706 0
112706 0
112706 0
112706 0
112706 0
112706 0
112706 0
112707 0
112707 0
112707 0
112707 0
112707 0
112707 0
112707 0
112707 0
112707 0
112707 0
112707 0
112707 0
112707 0
112707 0
112707 0
112707 0
112707 0
112707 0
112707 0
112707 0
112707 0
112707 0
112707 0
112707 0
112707 0
112707 0
112707 0
112707 0
112707 0
112707 0
112708 0
112708 0
112708 0
112708 0
112708 0
112708 0
112708 0
112708 0
112708 0
112708 0
112708 0
112708 0
112708 0
112708 0
112708 0
112708 0
112708 0
112708 0
112708 0
112708 0
112708 0
112708 0
112708 0
112708 0
112708 0
112708 0
112708 0
112708 0
112708 0
112708 0
112709 0
112709 0
112709 0
112709 0
112709 0
112709 0
112709 0
112709 0
112709 0
112709 0
112709 0
112709 0
112709 0
112709 0
112709 0
112709 0
112709 0
112709 0
112709 0
112709 0
112709 0
112709 0
112709 0
112709 0
112709 0
112709 0
112709 0
112709 0
112709 0
112709 0
112709 0
112710 0
112710 0
112710 0
112710 0
112710 0
112710 0
112710 0
